# AMS-02 positron fraction data. 
# Downloaded from http://prl.aps.org/supplemental/PRL/v110/i14/e141102
#
# Emin Emax Npositrons PFraction errstat. errvarious ... errsys
#
 0.50 0.65      822  0.0947  0.0034   0.0010  0.0016  0.0005  0.0002  0.0010  0.0022  
 0.65 0.81    3045  0.0919  0.0016   0.0007  0.0014  0.0007  0.0002  0.0008  0.0019  
 0.81 1.00    6504  0.0902  0.0011   0.0006  0.0012  0.0009  0.0002  0.0006  0.0017  
 1.00 1.21    9335  0.0842  0.0008   0.0005  0.0009  0.0008  0.0001  0.0005  0.0014  
 1.21 1.45   12621  0.0783  0.0007   0.0004  0.0007  0.0006  0.0001  0.0005  0.0011  
 1.45 1.70   15189  0.0735  0.0006   0.0003  0.0005  0.0004  0.0001  0.0003  0.0008  
 1.70 1.97   18400  0.0685  0.0005   0.0003  0.0005  0.0003  0.0001  0.0003  0.0007  
 1.97 2.28   23893  0.0642  0.0004   0.0002  0.0005  0.0002  0.0001  0.0002  0.0006  
 2.28 2.60   22455  0.0605  0.0004   0.0002  0.0005  0.0001  0.0001  0.0002  0.0006  
 2.60 2.94   21587  0.0583  0.0004   0.0001  0.0005  0.0001  0.0001  0.0002  0.0006  
 2.94 3.30   21158  0.0568  0.0004   0.0001  0.0004  0.0000  0.0001  0.0002  0.0005  
 3.30 3.70   20707  0.0550  0.0004   0.0001  0.0003  0.0000  0.0001  0.0002  0.0004  
 3.70 4.11   19429  0.0541  0.0004   0.0001  0.0002  0.0000  0.0001  0.0002  0.0003  
 4.11 4.54   18370  0.0533  0.0004   0.0001  0.0001  0.0000  0.0001  0.0002  0.0003  
 4.54 5.00   17064  0.0519  0.0004   0.0001  0.0001  0.0000  0.0001  0.0002  0.0003  
 5.00 5.50   16385  0.0512  0.0004   0.0001  0.0001  0.0000  0.0001  0.0002  0.0003  
 5.50 6.00   14244  0.0508  0.0004   0.0001  0.0000  0.0000  0.0001  0.0002  0.0002  
 6.00 6.56   13880  0.0501  0.0004   0.0001  0.0000  0.0000  0.0001  0.0002  0.0002  
 6.56 7.16   13153  0.0510  0.0004   0.0001  0.0000  0.0000  0.0001  0.0002  0.0002  
 7.16 7.80   11747  0.0504  0.0005   0.0001  0.0000  0.0000  0.0001  0.0002  0.0002  
 7.80 8.50   10910  0.0513  0.0005   0.0001  0.0000  0.0000  0.0001  0.0002  0.0002  
 8.50 9.21    9110  0.0510  0.0005   0.0001  0.0000  0.0000  0.0001  0.0002  0.0002  
 9.21 9.95    7501  0.0515  0.0006   0.0001  0.0000  0.0000  0.0001  0.0002  0.0002  
 9.95 10.73   7161  0.0519  0.0006   0.0001  0.0000  0.0000  0.0001  0.0002  0.0002  
10.73 11.54   6047  0.0528  0.0007   0.0001  0.0000  0.0000  0.0001  0.0001  0.0002  
11.54 12.39   5246  0.0535  0.0007   0.0001  0.0000  0.0000  0.0001  0.0001  0.0002  
12.39 13.27   4787  0.0549  0.0008   0.0001  0.0000  0.0000  0.0001  0.0001  0.0002  
13.27 14.19   4166  0.0551  0.0008   0.0001  0.0000  0.0000  0.0001  0.0001  0.0002  
14.19 15.15   3698  0.0543  0.0009   0.0001  0.0001  0.0000  0.0001  0.0001  0.0002  
15.15 16.15   3326  0.0556  0.0010   0.0001  0.0001  0.0000  0.0001  0.0001  0.0002  
16.15 17.18   3007  0.0583  0.0011   0.0001  0.0001  0.0000  0.0001  0.0002  0.0003  
17.18 18.25   2663  0.0586  0.0011   0.0001  0.0001  0.0000  0.0001  0.0002  0.0003  
18.25 19.37   2410  0.0592  0.0012   0.0001  0.0001  0.0000  0.0001  0.0002  0.0003  
19.37 20.54   2322  0.0634  0.0013   0.0001  0.0001  0.0000  0.0001  0.0002  0.0003  
20.54 21.76   2052  0.0618  0.0014   0.0001  0.0001  0.0000  0.0001  0.0002  0.0003  
21.76 23.07   1992  0.0653  0.0015   0.0001  0.0001  0.0000  0.0001  0.0002  0.0003  
23.07 24.45   1788  0.0651  0.0016   0.0001  0.0001  0.0000  0.0001  0.0002  0.0003  
24.45 25.87   1642  0.0657  0.0016   0.0001  0.0001  0.0000  0.0001  0.0002  0.0003  
25.87 27.34   1447  0.0668  0.0018   0.0001  0.0001  0.0000  0.0001  0.0003  0.0003  
27.34 28.87   1260  0.0694  0.0020   0.0001  0.0001  0.0000  0.0001  0.0003  0.0003  
28.87 30.45   1137  0.0710  0.0021   0.0001  0.0002  0.0000  0.0001  0.0003  0.0004  
30.45 32.10   1094  0.0701  0.0022   0.0001  0.0002  0.0000  0.0001  0.0003  0.0004  
32.10 33.80     888  0.0707  0.0024   0.0001  0.0002  0.0000  0.0001  0.0004  0.0005  
33.80 35.57     807  0.0718  0.0026   0.0001  0.0003  0.0000  0.0001  0.0004  0.0005  
35.57 37.40     787  0.0747  0.0027   0.0001  0.0003  0.0000  0.0001  0.0004  0.0005  
37.40 40.00     982  0.0794  0.0026   0.0002  0.0004  0.0000  0.0001  0.0004  0.0006  
40.00 43.39     976  0.0802  0.0026   0.0002  0.0005  0.0000  0.0001  0.0004  0.0007  
43.39 47.01     856  0.0817  0.0029   0.0002  0.0005  0.0000  0.0001  0.0004  0.0007  
47.01 50.87     739  0.0856  0.0032   0.0002  0.0006  0.0000  0.0001  0.0004  0.0008  
50.87 54.98     605  0.0891  0.0038   0.0002  0.0006  0.0000  0.0001  0.0004  0.0008  
54.98 59.36     558  0.0957  0.0041   0.0002  0.0008  0.0000  0.0001  0.0005  0.0010  
59.36 64.03     448  0.0962  0.0047   0.0002  0.0009  0.0000  0.0002  0.0006  0.0011  
64.03 69.00     392  0.0978  0.0050   0.0002  0.0010  0.0000  0.0002  0.0007  0.0013  
69.00 74.30     324  0.1032  0.0057   0.0002  0.0010  0.0000  0.0002  0.0009  0.0014  
74.30 80.00     276  0.0985  0.0062   0.0002  0.0010  0.0000  0.0002  0.0010  0.0014  
80.00 86.00     232  0.1023  0.0067   0.0002  0.0010  0.0000  0.0002  0.0010  0.0014  
86.00 92.50     240  0.1120  0.0075   0.0002  0.0010  0.0000  0.0003  0.0011  0.0015  
92.50 100.0     226  0.1189  0.0081   0.0002  0.0011  0.0000  0.0003  0.0012  0.0017  
100.0 115.1     304  0.1118  0.0066   0.0002  0.0015  0.0000  0.0003  0.0015  0.0022  
115.1 132.1     223  0.1142  0.0080   0.0002  0.0019  0.0000  0.0004  0.0019  0.0027  
132.1 151.5     156  0.1215  0.0100   0.0002  0.0021  0.0000  0.0005  0.0024  0.0032  
151.5 173.5     144  0.1364  0.0121   0.0002  0.0026  0.0000  0.0006  0.0045  0.0052  
173.5 206.0     134  0.1485  0.0133   0.0002  0.0031  0.0000  0.0009  0.0050  0.0060  
206.0 260.0     101  0.1530  0.0160   0.0003  0.0031  0.0000  0.0013  0.0095  0.0101  
260.0 350.0      72  0.1550  0.0200   0.0003  0.0056  0.0000  0.0018  0.0140  0.0152  
