#   H  PAMELA(2009/12-2010/01) - Ref: Adriani et al., ApJ 765, 91 (2013)
#   <E>  Elo  Eup   y   ystat_lo  ystat_up  ysyst_lo  ysyst_up  yerrtot_lo  yerrtot_up
8.820000e-02 6.200000e-03 6.800000e-03 1.345809e+01 1.112431e+00 1.112431e+00 1.268016e+00 2.069278e+00 1.686822e+00 2.349343e+00
9.740000e-02 2.400000e-03 2.600000e-03 1.633620e+01 1.479935e+00 1.479935e+00 1.517882e+00 2.495018e+00 2.119947e+00 2.900918e+00
1.048000e-01 4.800000e-03 5.200000e-03 2.214181e+01 1.471727e+00 1.471727e+00 1.735320e+00 3.371793e+00 2.275372e+00 3.678990e+00
1.148000e-01 4.800000e-03 5.200000e-03 2.912568e+01 1.990035e+00 1.990035e+00 2.069109e+00 4.428157e+00 2.870793e+00 4.854772e+00
1.249000e-01 4.900000e-03 5.100000e-03 3.372722e+01 2.012401e+00 2.012401e+00 2.418001e+00 5.101203e+00 3.145868e+00 5.483797e+00
1.396000e-01 9.600000e-03 1.040000e-02 4.396529e+01 2.397043e+00 2.397043e+00 3.001176e+00 6.645462e+00 3.840947e+00 7.064558e+00
1.549000e-01 4.900000e-03 5.100000e-03 5.871334e+01 2.927269e+00 2.927269e+00 3.671084e+00 8.829796e+00 4.695291e+00 9.302376e+00
1.649000e-01 4.900000e-03 5.100000e-03 6.414596e+01 3.045505e+00 3.045505e+00 4.133186e+00 9.625972e+00 5.134036e+00 1.009626e+01
1.797000e-01 9.700000e-03 1.030000e-02 7.352909e+01 3.293793e+00 3.293793e+00 4.876106e+00 1.101160e+01 5.884342e+00 1.149367e+01
1.997000e-01 9.700000e-03 1.030000e-02 9.662946e+01 3.868369e+00 3.868369e+00 5.982013e+00 1.443659e+01 7.123816e+00 1.494588e+01
2.149000e-01 4.900000e-03 5.100000e-03 1.197038e+02 4.294927e+00 4.294927e+00 6.881120e+00 1.782626e+01 8.111486e+00 1.833636e+01
2.297000e-01 9.700000e-03 1.030000e-02 1.396613e+02 4.801350e+00 4.801350e+00 7.861551e+00 2.073550e+01 9.211783e+00 2.128412e+01
2.498000e-01 9.800000e-03 1.020000e-02 1.673569e+02 5.491203e+00 5.491203e+00 9.235206e+00 2.477282e+01 1.074441e+01 2.537412e+01
2.745000e-01 1.450000e-02 1.550000e-02 2.022401e+02 6.178721e+00 6.178721e+00 1.115184e+01 2.983870e+01 1.274912e+01 3.047170e+01
2.998000e-01 9.800000e-03 1.020000e-02 2.339578e+02 6.920763e+00 6.920763e+00 1.321237e+01 3.442406e+01 1.491522e+01 3.511286e+01
3.246000e-01 1.460000e-02 1.540000e-02 2.798499e+02 7.902388e+00 7.902388e+00 1.548868e+01 4.109242e+01 1.738813e+01 4.184537e+01
3.498000e-01 9.800000e-03 1.020000e-02 3.221740e+02 8.809922e+00 8.809922e+00 1.786456e+01 4.710861e+01 1.991877e+01 4.792532e+01
3.747000e-01 1.470000e-02 1.530000e-02 3.515618e+02 9.406807e+00 9.406807e+00 2.049841e+01 5.138644e+01 2.255378e+01 5.224035e+01
4.095000e-01 1.950000e-02 2.050000e-02 4.049720e+02 1.022911e+01 1.022911e+01 2.448278e+01 5.885928e+01 2.653377e+01 5.974152e+01
4.447000e-01 1.470000e-02 1.530000e-02 4.934064e+02 1.186549e+01 1.186549e+01 2.867492e+01 7.158843e+01 3.103290e+01 7.256510e+01
4.795000e-01 1.950000e-02 2.050000e-02 5.478999e+02 1.287553e+01 1.287553e+01 3.333844e+01 7.932248e+01 3.573837e+01 8.036066e+01
5.196000e-01 1.960000e-02 2.040000e-02 5.939651e+02 1.403917e+01 1.403917e+01 3.887772e+01 8.585495e+01 4.133492e+01 8.699523e+01
5.596000e-01 1.960000e-02 2.040000e-02 6.930057e+02 1.565761e+01 1.565761e+01 4.509391e+01 9.989554e+01 4.773491e+01 1.011152e+02
5.996000e-01 1.960000e-02 2.040000e-02 7.575090e+02 1.150465e+01 1.150465e+01 5.177091e+01 1.089346e+02 5.303380e+01 1.095404e+02
6.445000e-01 2.450000e-02 2.550000e-02 8.166376e+02 1.246141e+01 1.246141e+01 5.939938e+01 1.171372e+02 6.069245e+01 1.177982e+02
6.945000e-01 2.450000e-02 2.550000e-02 9.019576e+02 1.350525e+01 1.350525e+01 6.897323e+01 1.292645e+02 7.028299e+01 1.299681e+02
7.445000e-01 2.450000e-02 2.550000e-02 9.805217e+02 1.441129e+01 1.441129e+01 7.926207e+01 1.396786e+02 8.056154e+01 1.404201e+02
7.994000e-01 2.940000e-02 3.060000e-02 1.092759e+03 1.597601e+01 1.597601e+01 9.074372e+01 1.552868e+02 9.213933e+01 1.561064e+02
8.594000e-01 2.940000e-02 3.060000e-02 1.144781e+03 1.624850e+01 1.624850e+01 1.048767e+02 1.624850e+02 1.061279e+02 1.632954e+02
9.243000e-01 3.430000e-02 3.570000e-02 1.231945e+03 1.794094e+01 1.794094e+01 1.213149e+02 1.742834e+02 1.226343e+02 1.752044e+02
9.895000e-01 2.950000e-02 3.050000e-02 1.353130e+03 1.958220e+01 1.958220e+01 1.380545e+02 1.909265e+02 1.394364e+02 1.919281e+02
1.054400e+00 3.440000e-02 3.560000e-02 1.438617e+03 2.001167e+01 2.001167e+01 1.567581e+02 2.034520e+02 1.580303e+02 2.044338e+02
1.129200e+00 3.920000e-02 4.080000e-02 1.502059e+03 2.167657e+01 2.167657e+01 1.797881e+02 2.116654e+02 1.810901e+02 2.127724e+02
1.209300e+00 3.930000e-02 4.070000e-02 1.615959e+03 2.339851e+01 2.339851e+01 2.266730e+02 2.266730e+02 2.278775e+02 2.278775e+02
1.294200e+00 4.420000e-02 4.580000e-02 1.725202e+03 2.344935e+01 2.344935e+01 2.411933e+02 2.411933e+02 2.423305e+02 2.423305e+02
1.379400e+00 3.940000e-02 4.060000e-02 1.771455e+03 2.473568e+01 2.473568e+01 2.473568e+02 2.473568e+02 2.485905e+02 2.485905e+02
1.469100e+00 4.910000e-02 5.090000e-02 1.860416e+03 2.589906e+01 2.589906e+01 2.589906e+02 2.589906e+02 2.602823e+02 2.602823e+02
1.569200e+00 4.920000e-02 5.080000e-02 1.942825e+03 2.708628e+01 2.708628e+01 2.708628e+02 2.708628e+02 2.722137e+02 2.722137e+02
1.669200e+00 4.920000e-02 5.080000e-02 2.006084e+03 2.786228e+01 2.786228e+01 2.786228e+02 2.786228e+02 2.800124e+02 2.800124e+02
1.774100e+00 5.410000e-02 5.590000e-02 2.124516e+03 3.147431e+01 3.147431e+01 2.958585e+02 2.958585e+02 2.975280e+02 2.975280e+02
1.889000e+00 5.900000e-02 6.100000e-02 2.158834e+03 3.211489e+01 3.211489e+01 2.997390e+02 2.997390e+02 3.014545e+02 3.014545e+02
2.009100e+00 5.910000e-02 6.090000e-02 2.207956e+03 3.229186e+01 3.229186e+01 3.067727e+02 3.067727e+02 3.084676e+02 3.084676e+02
2.134000e+00 6.400000e-02 6.600000e-02 2.272424e+03 3.643165e+01 3.643165e+01 3.142230e+02 3.142230e+02 3.163279e+02 3.163279e+02
2.264000e+00 6.400000e-02 6.600000e-02 2.306563e+03 3.587987e+01 3.587987e+01 3.177931e+02 3.177931e+02 3.198122e+02 3.198122e+02
2.403800e+00 7.380000e-02 7.620000e-02 2.374863e+03 3.466953e+01 3.466953e+01 3.293605e+02 3.293605e+02 3.311802e+02 3.311802e+02
2.549000e+00 6.900000e-02 7.100000e-02 2.533986e+03 3.898441e+01 3.898441e+01 3.508597e+02 3.508597e+02 3.530189e+02 3.530189e+02
2.698800e+00 7.880000e-02 8.120000e-02 2.432696e+03 3.641761e+01 3.641761e+01 3.350420e+02 3.350420e+02 3.370154e+02 3.370154e+02
2.858800e+00 7.880000e-02 8.120000e-02 2.476339e+03 4.086369e+01 4.086369e+01 3.432550e+02 3.432550e+02 3.456788e+02 3.456788e+02
3.028600e+00 8.860000e-02 9.140000e-02 2.531587e+03 4.586209e+01 4.586209e+01 3.485519e+02 3.485519e+02 3.515562e+02 3.515562e+02
3.208700e+00 8.870000e-02 9.130000e-02 2.584235e+03 4.118302e+01 4.118302e+01 3.500557e+02 3.500557e+02 3.524699e+02 3.524699e+02
3.393600e+00 9.360000e-02 9.640000e-02 2.568184e+03 4.606608e+01 4.606608e+01 3.570121e+02 3.570121e+02 3.599718e+02 3.599718e+02
3.588600e+00 9.860000e-02 1.014000e-01 2.627122e+03 5.151220e+01 5.151220e+01 3.605854e+02 3.605854e+02 3.642463e+02 3.642463e+02
3.899000e+00 2.090000e-01 2.210000e-01 2.614778e+03 3.040440e+01 3.040440e+01 3.496506e+02 3.496506e+02 3.509700e+02 3.509700e+02
4.348600e+00 2.286000e-01 2.414000e-01 2.666355e+03 3.782064e+01 3.782064e+01 3.592961e+02 3.592961e+02 3.612812e+02 3.612812e+02
4.843000e+00 2.530000e-01 2.670000e-01 2.650375e+03 4.690930e+01 4.690930e+01 3.518197e+02 3.518197e+02 3.549332e+02 3.549332e+02
5.387400e+00 2.774000e-01 2.926000e-01 2.641191e+03 2.902408e+01 2.902408e+01 3.482890e+02 3.482890e+02 3.494962e+02 3.494962e+02
5.981900e+00 3.019000e-01 3.181000e-01 2.469036e+03 3.578313e+01 3.578313e+01 3.220482e+02 3.220482e+02 3.240301e+02 3.240301e+02
6.636000e+00 3.360000e-01 3.540000e-01 2.496429e+03 4.197999e+01 4.197999e+01 3.387728e+02 3.387728e+02 3.413639e+02 3.413639e+02
7.355400e+00 3.654000e-01 3.846000e-01 2.429717e+03 4.310299e+01 4.310299e+01 3.293724e+02 3.293724e+02 3.321807e+02 3.321807e+02
8.144400e+00 4.044000e-01 4.256000e-01 2.301694e+03 4.359289e+01 4.359289e+01 3.117568e+02 3.117568e+02 3.147898e+02 3.147898e+02
9.013500e+00 4.435000e-01 4.665000e-01 2.229313e+03 4.446439e+01 4.446439e+01 3.016560e+02 3.016560e+02 3.049154e+02 3.049154e+02
9.967400e+00 4.874000e-01 5.126000e-01 2.162829e+03 4.534291e+01 4.534291e+01 2.925830e+02 2.925830e+02 2.960757e+02 2.960757e+02
1.101100e+01 5.310000e-01 5.590000e-01 2.044142e+03 4.552641e+01 4.552641e+01 2.765532e+02 2.765532e+02 2.802754e+02 2.802754e+02
1.215500e+01 5.850000e-01 6.150000e-01 1.925105e+03 4.554948e+01 4.554948e+01 2.604727e+02 2.604727e+02 2.644254e+02 2.644254e+02
1.341300e+01 6.430000e-01 6.770000e-01 1.838666e+03 4.594865e+01 4.594865e+01 2.489935e+02 2.489935e+02 2.531976e+02 2.531976e+02
1.479700e+01 7.070000e-01 7.430000e-01 1.825834e+03 4.707451e+01 4.707451e+01 2.471959e+02 2.471959e+02 2.516383e+02 2.516383e+02
1.631000e+01 7.700000e-01 8.100000e-01 1.668187e+03 4.615379e+01 4.615379e+01 2.257412e+02 2.257412e+02 2.304111e+02 2.304111e+02
1.796900e+01 8.490000e-01 8.910000e-01 1.530152e+03 4.520389e+01 4.520389e+01 2.070661e+02 2.070661e+02 2.119428e+02 2.119428e+02
1.978700e+01 9.270000e-01 9.730000e-01 1.504241e+03 4.623915e+01 4.623915e+01 2.035932e+02 2.035932e+02 2.087780e+02 2.087780e+02
2.177900e+01 1.019000e+00 1.071000e+00 1.364158e+03 4.595259e+01 4.595259e+01 1.846072e+02 1.846072e+02 1.902405e+02 1.902405e+02
2.397200e+01 1.122000e+00 1.178000e+00 1.240684e+03 4.602426e+01 4.602426e+01 1.679147e+02 1.679147e+02 1.741080e+02 1.741080e+02
2.637500e+01 1.225000e+00 1.285000e+00 1.276501e+03 4.907745e+01 4.907745e+01 1.727971e+02 1.727971e+02 1.796314e+02 1.796314e+02
2.900700e+01 1.347000e+00 1.413000e+00 1.180493e+03 4.949992e+01 4.949992e+01 1.596989e+02 1.596989e+02 1.671944e+02 1.671944e+02
3.189400e+01 1.474000e+00 1.546000e+00 1.113864e+03 5.050533e+01 5.050533e+01 1.507531e+02 1.507531e+02 1.589883e+02 1.589883e+02
3.505600e+01 1.616000e+00 1.694000e+00 9.364394e+02 4.860391e+01 4.860391e+01 1.267020e+02 1.267020e+02 1.357046e+02 1.357046e+02
3.852700e+01 1.777000e+00 1.863000e+00 9.130113e+02 5.040784e+01 5.040784e+01 1.235408e+02 1.235408e+02 1.334289e+02 1.334289e+02
4.233300e+01 1.943000e+00 2.037000e+00 8.490889e+02 5.102060e+01 5.102060e+01 1.149084e+02 1.149084e+02 1.257261e+02 1.257261e+02
4.650300e+01 2.133000e+00 2.237000e+00 7.999194e+02 5.198719e+01 5.198719e+01 1.082562e+02 1.082562e+02 1.200919e+02 1.200919e+02
