#   H  PAMELA(2006/07-2008/12)
#   <E>  Elo  Eup   y   ystat_lo  ystat_up  ysyst_lo  ysyst_up  yerrtot_lo  yerrtot_up
4.400000e-01 4.300000e-01 4.600000e-01 1.581000e+03 6.007500e+01 6.007500e+01 0.000000e+00 0.000000e+00 6.007500e+01 6.007500e+01
4.800000e-01 4.600000e-01 5.000000e-01 1.549000e+03 6.007500e+01 6.007500e+01 0.000000e+00 0.000000e+00 6.007500e+01 6.007500e+01
5.200000e-01 5.000000e-01 5.400000e-01 1.527000e+03 6.007500e+01 6.007500e+01 0.000000e+00 0.000000e+00 6.007500e+01 6.007500e+01
5.600000e-01 5.400000e-01 5.800000e-01 1.484000e+03 6.007500e+01 6.007500e+01 0.000000e+00 0.000000e+00 6.007500e+01 6.007500e+01
6.000000e-01 5.800000e-01 6.200000e-01 1.444000e+03 6.003330e+01 6.003330e+01 0.000000e+00 0.000000e+00 6.003330e+01 6.003330e+01
6.500000e-01 6.200000e-01 6.700000e-01 1.402000e+03 5.004000e+01 5.004000e+01 0.000000e+00 0.000000e+00 5.004000e+01 5.004000e+01
7.000000e-01 6.700000e-01 7.200000e-01 1.349000e+03 5.004000e+01 5.004000e+01 0.000000e+00 0.000000e+00 5.004000e+01 5.004000e+01
7.500000e-01 7.200000e-01 7.700000e-01 1.293000e+03 5.004000e+01 5.004000e+01 0.000000e+00 0.000000e+00 5.004000e+01 5.004000e+01
8.000000e-01 7.700000e-01 8.300000e-01 1.233000e+03 5.004000e+01 5.004000e+01 0.000000e+00 0.000000e+00 5.004000e+01 5.004000e+01
8.600000e-01 8.300000e-01 8.900000e-01 1.171000e+03 4.005000e+01 4.005000e+01 0.000000e+00 0.000000e+00 4.005000e+01 4.005000e+01
9.200000e-01 8.900000e-01 9.600000e-01 1.113000e+03 4.005000e+01 4.005000e+01 0.000000e+00 0.000000e+00 4.005000e+01 4.005000e+01
9.900000e-01 9.600000e-01 1.020000e+00 1.053000e+03 4.005000e+01 4.005000e+01 0.000000e+00 0.000000e+00 4.005000e+01 4.005000e+01
1.060000e+00 1.020000e+00 1.090000e+00 9.960000e+02 4.001250e+01 4.001250e+01 0.000000e+00 0.000000e+00 4.001250e+01 4.001250e+01
1.130000e+00 1.090000e+00 1.170000e+00 9.330000e+02 4.001250e+01 4.001250e+01 0.000000e+00 0.000000e+00 4.001250e+01 4.001250e+01
1.210000e+00 1.170000e+00 1.250000e+00 8.710000e+02 3.001670e+01 3.001670e+01 0.000000e+00 0.000000e+00 3.001670e+01 3.001670e+01
1.290000e+00 1.250000e+00 1.330000e+00 8.130000e+02 3.001670e+01 3.001670e+01 0.000000e+00 0.000000e+00 3.001670e+01 3.001670e+01
1.380000e+00 1.330000e+00 1.420000e+00 7.580000e+02 3.001670e+01 3.001670e+01 0.000000e+00 0.000000e+00 3.001670e+01 3.001670e+01
1.470000e+00 1.420000e+00 1.520000e+00 7.030000e+02 3.001670e+01 3.001670e+01 0.000000e+00 0.000000e+00 3.001670e+01 3.001670e+01
1.570000e+00 1.520000e+00 1.620000e+00 6.526000e+02 3.001350e+01 3.001350e+01 0.000000e+00 0.000000e+00 3.001350e+01 3.001350e+01
1.670000e+00 1.620000e+00 1.720000e+00 6.018000e+02 2.001600e+01 2.001600e+01 0.000000e+00 0.000000e+00 2.001600e+01 2.001600e+01
1.780000e+00 1.720000e+00 1.830000e+00 5.555000e+02 2.001600e+01 2.001600e+01 0.000000e+00 0.000000e+00 2.001600e+01 2.001600e+01
1.890000e+00 1.830000e+00 1.950000e+00 5.100000e+02 2.001230e+01 2.001230e+01 0.000000e+00 0.000000e+00 2.001230e+01 2.001230e+01
2.010000e+00 1.950000e+00 2.070000e+00 4.720000e+02 2.001230e+01 2.001230e+01 0.000000e+00 0.000000e+00 2.001230e+01 2.001230e+01
2.130000e+00 2.070000e+00 2.200000e+00 4.343000e+02 2.000900e+01 2.000900e+01 0.000000e+00 0.000000e+00 2.000900e+01 2.000900e+01
2.270000e+00 2.200000e+00 2.330000e+00 3.965000e+02 2.000900e+01 2.000900e+01 0.000000e+00 0.000000e+00 2.000900e+01 2.000900e+01
2.400000e+00 2.330000e+00 2.470000e+00 3.624000e+02 1.001250e+01 1.001250e+01 0.000000e+00 0.000000e+00 1.001250e+01 1.001250e+01
2.550000e+00 2.470000e+00 2.620000e+00 3.315000e+02 1.001250e+01 1.001250e+01 0.000000e+00 0.000000e+00 1.001250e+01 1.001250e+01
2.700000e+00 2.620000e+00 2.780000e+00 3.032000e+02 1.000800e+01 1.000800e+01 0.000000e+00 0.000000e+00 1.000800e+01 1.000800e+01
2.860000e+00 2.780000e+00 2.940000e+00 2.760000e+02 1.000800e+01 1.000800e+01 0.000000e+00 0.000000e+00 1.000800e+01 1.000800e+01
3.030000e+00 2.940000e+00 3.120000e+00 2.502000e+02 9.008890e+00 9.008890e+00 0.000000e+00 0.000000e+00 9.008890e+00 9.008890e+00
3.210000e+00 3.120000e+00 3.300000e+00 2.270000e+02 9.008890e+00 9.008890e+00 0.000000e+00 0.000000e+00 9.008890e+00 9.008890e+00
3.390000e+00 3.300000e+00 3.490000e+00 2.058000e+02 8.005620e+00 8.005620e+00 0.000000e+00 0.000000e+00 8.005620e+00 8.005620e+00
3.590000e+00 3.490000e+00 3.690000e+00 1.872000e+02 7.006430e+00 7.006430e+00 0.000000e+00 0.000000e+00 7.006430e+00 7.006430e+00
3.900000e+00 3.690000e+00 4.120000e+00 1.607000e+02 6.003330e+00 6.003330e+00 0.000000e+00 0.000000e+00 6.003330e+00 6.003330e+00
4.350000e+00 4.120000e+00 4.590000e+00 1.302000e+02 5.004000e+00 5.004000e+00 0.000000e+00 0.000000e+00 5.004000e+00 5.004000e+00
4.840000e+00 4.590000e+00 5.110000e+00 1.053000e+02 4.001250e+00 4.001250e+00 0.000000e+00 0.000000e+00 4.001250e+00 4.001250e+00
5.380000e+00 5.110000e+00 5.680000e+00 8.480000e+01 3.001670e+00 3.001670e+00 0.000000e+00 0.000000e+00 3.001670e+00 3.001670e+00
5.980000e+00 5.680000e+00 6.300000e+00 6.800000e+01 3.001670e+00 3.001670e+00 0.000000e+00 0.000000e+00 3.001670e+00 3.001670e+00
6.640000e+00 6.300000e+00 6.990000e+00 5.448000e+01 2.001600e+00 2.001600e+00 0.000000e+00 0.000000e+00 2.001600e+00 2.001600e+00
7.360000e+00 6.990000e+00 7.740000e+00 4.333000e+01 2.001220e+00 2.001220e+00 0.000000e+00 0.000000e+00 2.001220e+00 2.001220e+00
8.150000e+00 7.740000e+00 8.570000e+00 3.440000e+01 1.001800e+00 1.001800e+00 0.000000e+00 0.000000e+00 1.001800e+00 1.001800e+00
9.010000e+00 8.570000e+00 9.480000e+00 2.728000e+01 1.001250e+00 1.001250e+00 0.000000e+00 0.000000e+00 1.001250e+00 1.001250e+00
9.970000e+00 9.480000e+00 1.048000e+01 2.162000e+01 8.009990e-01 8.009990e-01 0.000000e+00 0.000000e+00 8.009990e-01 8.009990e-01
1.101000e+01 1.048000e+01 1.157000e+01 1.700000e+01 6.007490e-01 6.007490e-01 0.000000e+00 0.000000e+00 6.007490e-01 6.007490e-01
1.216000e+01 1.157000e+01 1.277000e+01 1.335000e+01 5.008990e-01 5.008990e-01 0.000000e+00 0.000000e+00 5.008990e-01 5.008990e-01
1.341000e+01 1.277000e+01 1.409000e+01 1.051000e+01 4.005000e-01 4.005000e-01 0.000000e+00 0.000000e+00 4.005000e-01 4.005000e-01
1.479000e+01 1.409000e+01 1.554000e+01 8.280000e+00 3.006660e-01 3.006660e-01 0.000000e+00 0.000000e+00 3.006660e-01 3.006660e-01
1.631000e+01 1.554000e+01 1.712000e+01 6.470000e+00 3.006660e-01 3.006660e-01 0.000000e+00 0.000000e+00 3.006660e-01 3.006660e-01
1.796000e+01 1.712000e+01 1.886000e+01 5.010000e+00 2.002500e-01 2.002500e-01 0.000000e+00 0.000000e+00 2.002500e-01 2.002500e-01
1.978000e+01 1.886000e+01 2.076000e+01 3.900000e+00 2.002500e-01 2.002500e-01 0.000000e+00 0.000000e+00 2.002500e-01 2.002500e-01
2.178000e+01 2.076000e+01 2.285000e+01 3.050000e+00 1.004040e-01 1.004040e-01 0.000000e+00 0.000000e+00 1.004040e-01 1.004040e-01
2.397000e+01 2.285000e+01 2.515000e+01 2.367000e+00 9.027180e-02 9.027180e-02 0.000000e+00 0.000000e+00 9.027180e-02 9.027180e-02
2.637000e+01 2.515000e+01 2.766000e+01 1.828000e+00 7.025670e-02 7.025670e-02 0.000000e+00 0.000000e+00 7.025670e-02 7.025670e-02
2.900000e+01 2.766000e+01 3.042000e+01 1.420000e+00 5.024940e-02 5.024940e-02 0.000000e+00 0.000000e+00 5.024940e-02 5.024940e-02
3.188000e+01 3.042000e+01 3.344000e+01 1.107000e+00 4.019950e-02 4.019950e-02 0.000000e+00 0.000000e+00 4.019950e-02 4.019950e-02
3.505000e+01 3.344000e+01 3.675000e+01 8.490000e-01 3.026550e-02 3.026550e-02 0.000000e+00 0.000000e+00 3.026550e-02 3.026550e-02
3.852000e+01 3.675000e+01 4.039000e+01 6.530000e-01 3.014960e-02 3.014960e-02 0.000000e+00 0.000000e+00 3.014960e-02 3.014960e-02
4.232000e+01 4.039000e+01 4.437000e+01 5.090000e-01 2.022370e-02 2.022370e-02 0.000000e+00 0.000000e+00 2.022370e-02 2.022370e-02
4.649000e+01 4.437000e+01 4.874000e+01 3.970000e-01 2.009970e-02 2.009970e-02 0.000000e+00 0.000000e+00 2.009970e-02 2.009970e-02
5.107000e+01 4.874000e+01 5.353000e+01 3.010000e-01 1.019800e-02 1.019800e-02 0.000000e+00 0.000000e+00 1.019800e-02 1.019800e-02
5.608000e+01 5.353000e+01 5.879000e+01 2.330000e-01 9.219540e-03 9.219540e-03 0.000000e+00 0.000000e+00 9.219540e-03 9.219540e-03
6.158000e+01 5.879000e+01 6.455000e+01 1.780000e-01 7.071070e-03 7.071070e-03 0.000000e+00 0.000000e+00 7.071070e-03 7.071070e-03
6.761000e+01 6.455000e+01 7.086000e+01 1.410000e-01 5.099020e-03 5.099020e-03 0.000000e+00 0.000000e+00 5.099020e-03 5.099020e-03
7.422000e+01 7.086000e+01 7.779000e+01 1.103000e-01 4.100000e-03 4.100000e-03 0.000000e+00 0.000000e+00 4.100000e-03 4.100000e-03
8.147000e+01 7.779000e+01 8.538000e+01 8.310000e-02 3.104840e-03 3.104840e-03 0.000000e+00 0.000000e+00 3.104840e-03 3.104840e-03
8.942000e+01 8.538000e+01 9.371000e+01 6.330000e-02 3.059410e-03 3.059410e-03 0.000000e+00 0.000000e+00 3.059410e-03 3.059410e-03
1.004100e+02 9.371000e+01 1.077300e+02 4.590000e-02 2.039610e-03 2.039610e-03 0.000000e+00 0.000000e+00 2.039610e-03 2.039610e-03
1.154200e+02 1.077300e+02 1.238300e+02 3.120000e-02 1.044030e-03 1.044030e-03 0.000000e+00 0.000000e+00 1.044030e-03 1.044030e-03
1.326600e+02 1.238300e+02 1.423100e+02 2.090000e-02 8.544000e-04 8.544000e-04 0.000000e+00 0.000000e+00 8.544000e-04 8.544000e-04
1.524600e+02 1.423100e+02 1.635400e+02 1.420000e-02 6.324560e-04 6.324560e-04 0.000000e+00 0.000000e+00 6.324560e-04 6.324560e-04
1.751800e+02 1.635400e+02 1.879000e+02 9.500000e-03 4.472140e-04 4.472140e-04 0.000000e+00 0.000000e+00 4.472140e-04 4.472140e-04
2.012700e+02 1.879000e+02 2.158800e+02 6.400000e-03 3.162280e-04 3.162280e-04 0.000000e+00 0.000000e+00 3.162280e-04 3.162280e-04
2.312300e+02 2.158800e+02 2.480000e+02 4.170000e-03 2.154070e-04 2.154070e-04 0.000000e+00 0.000000e+00 2.154070e-04 2.154070e-04
2.656200e+02 2.480000e+02 2.848800e+02 2.970000e-03 1.220660e-04 1.220660e-04 0.000000e+00 0.000000e+00 1.220660e-04 1.220660e-04
3.051200e+02 2.848800e+02 3.272300e+02 2.020000e-03 1.029560e-04 1.029560e-04 0.000000e+00 0.000000e+00 1.029560e-04 1.029560e-04
3.584500e+02 3.272300e+02 3.936000e+02 1.320000e-03 6.708200e-05 6.708200e-05 0.000000e+00 0.000000e+00 6.708200e-05 6.708200e-05
4.508200e+02 3.936000e+02 5.191700e+02 6.800000e-04 4.472140e-05 4.472140e-05 0.000000e+00 0.000000e+00 4.472140e-05 4.472140e-05
5.815200e+02 5.191700e+02 6.538400e+02 3.800000e-04 3.605550e-05 3.605550e-05 0.000000e+00 0.000000e+00 3.605550e-05 3.605550e-05
7.487800e+02 6.538400e+02 8.622200e+02 1.900000e-04 2.236070e-05 2.236070e-05 0.000000e+00 0.000000e+00 2.236070e-05 2.236070e-05
1.009400e+03 8.622200e+02 1.190550e+03 8.100000e-05 1.220660e-05 1.220660e-05 0.000000e+00 0.000000e+00 1.220660e-05 1.220660e-05
