# Data from SSDC cosmic rays database www.ssdc.asi.it 
# File generated today 20190501 
# Errors may contain statistic and systematic depending on the options set when drawing the graph 
# Fluxes are multiplied by a power of Energy (or Rigidity) if the option is set when drawing the graph 
# Horizontal errors usually are not uncertanties of the measurement but correspond to binning. See publication. 
#
# GraphTitle: B AMS-02 PRL (2018); 2011-05-19 00:00:00.0,2016-05-26 00:00:00.0; 
# XLabel: kinetic energy (GeV/n) 
# YLabel: flux ((m^{2} s sr GeV/n)^{-1}) 
#
# Columns: X, XErrorLow, XErrorHigh, Y, YErrorLow, YErrorHigh 
4.444000e-01  0.000000e+00 0.000000e+00  1.235600e+00  6.468000e-02 6.468000e-02 
5.347000e-01  0.000000e+00 0.000000e+00  1.182000e+00  5.529500e-02 5.529500e-02 
6.370000e-01  0.000000e+00 0.000000e+00  1.079600e+00  4.550900e-02 4.550900e-02 
7.534000e-01  0.000000e+00 0.000000e+00  9.518100e-01  3.642700e-02 3.642700e-02 
8.844000e-01  0.000000e+00 0.000000e+00  8.285600e-01  2.904900e-02 2.904900e-02 
1.030000e+00  0.000000e+00 0.000000e+00  7.114000e-01  2.308100e-02 2.308100e-02 
1.192000e+00  0.000000e+00 0.000000e+00  6.024000e-01  1.826500e-02 1.826500e-02 
1.371000e+00  0.000000e+00 0.000000e+00  4.998200e-01  1.430300e-02 1.430300e-02 
1.568000e+00  0.000000e+00 0.000000e+00  4.162600e-01  1.134200e-02 1.134200e-02 
1.787000e+00  0.000000e+00 0.000000e+00  3.420600e-01  8.952600e-03 8.952600e-03 
2.028000e+00  0.000000e+00 0.000000e+00  2.774200e-01  7.029500e-03 7.029500e-03 
2.290000e+00  0.000000e+00 0.000000e+00  2.255300e-01  5.569400e-03 5.569400e-03 
2.575000e+00  0.000000e+00 0.000000e+00  1.808000e-01  4.374800e-03 4.374800e-03 
2.887000e+00  0.000000e+00 0.000000e+00  1.451200e-01  3.455900e-03 3.455900e-03 
3.224000e+00  0.000000e+00 0.000000e+00  1.165100e-01  2.740700e-03 2.740700e-03 
3.590000e+00  0.000000e+00 0.000000e+00  9.354400e-02  2.180000e-03 2.180000e-03 
3.987000e+00  0.000000e+00 0.000000e+00  7.489200e-02  1.733100e-03 1.733100e-03 
4.414000e+00  0.000000e+00 0.000000e+00  5.949900e-02  1.369900e-03 1.369900e-03 
4.882000e+00  0.000000e+00 0.000000e+00  4.768000e-02  1.093200e-03 1.093200e-03 
5.376000e+00  0.000000e+00 0.000000e+00  3.766800e-02  8.628400e-04 8.628400e-04 
5.895000e+00  0.000000e+00 0.000000e+00  3.044200e-02  6.963400e-04 6.963400e-04 
6.465000e+00  0.000000e+00 0.000000e+00  2.443700e-02  5.588000e-04 5.588000e-04 
7.085000e+00  0.000000e+00 0.000000e+00  1.931000e-02  4.419700e-04 4.419700e-04 
7.755000e+00  0.000000e+00 0.000000e+00  1.554300e-02  3.562300e-04 3.562300e-04 
8.476000e+00  0.000000e+00 0.000000e+00  1.228400e-02  2.821600e-04 2.821600e-04 
9.247000e+00  0.000000e+00 0.000000e+00  9.820900e-03  2.260700e-04 2.260700e-04 
1.007000e+01  0.000000e+00 0.000000e+00  7.781400e-03  1.796900e-04 1.796900e-04 
1.096000e+01  0.000000e+00 0.000000e+00  6.223700e-03  1.440500e-04 1.440500e-04 
1.194000e+01  0.000000e+00 0.000000e+00  4.989200e-03  1.160000e-04 1.160000e-04 
1.296000e+01  0.000000e+00 0.000000e+00  3.898300e-03  9.126500e-05 9.126500e-05 
1.405000e+01  0.000000e+00 0.000000e+00  3.081700e-03  7.261100e-05 7.261100e-05 
1.523000e+01  0.000000e+00 0.000000e+00  2.492400e-03  5.924000e-05 5.924000e-05 
1.647000e+01  0.000000e+00 0.000000e+00  1.985900e-03  4.763800e-05 4.763800e-05 
1.782000e+01  0.000000e+00 0.000000e+00  1.537300e-03  3.736100e-05 3.736100e-05 
1.927000e+01  0.000000e+00 0.000000e+00  1.247600e-03  3.068700e-05 3.068700e-05 
2.082000e+01  0.000000e+00 0.000000e+00  1.017400e-03  2.535900e-05 2.535900e-05 
2.246000e+01  0.000000e+00 0.000000e+00  7.955000e-04  2.020100e-05 2.020100e-05 
2.424000e+01  0.000000e+00 0.000000e+00  6.351300e-04  1.640000e-05 1.640000e-05 
2.614000e+01  0.000000e+00 0.000000e+00  5.101800e-04  1.345600e-05 1.345600e-05 
2.816000e+01  0.000000e+00 0.000000e+00  4.015800e-04  1.084300e-05 1.084300e-05 
3.033000e+01  0.000000e+00 0.000000e+00  3.216100e-04  8.897700e-06 8.897700e-06 
3.268000e+01  0.000000e+00 0.000000e+00  2.557900e-04  7.258200e-06 7.258200e-06 
3.520000e+01  0.000000e+00 0.000000e+00  2.107300e-04  6.136200e-06 6.136200e-06 
3.790000e+01  0.000000e+00 0.000000e+00  1.669100e-04  5.019600e-06 5.019600e-06 
4.079000e+01  0.000000e+00 0.000000e+00  1.364000e-04  4.226900e-06 4.226900e-06 
4.392000e+01  0.000000e+00 0.000000e+00  1.052800e-04  3.401300e-06 3.401300e-06 
4.729000e+01  0.000000e+00 0.000000e+00  8.347600e-05  2.808500e-06 2.808500e-06 
5.103000e+01  0.000000e+00 0.000000e+00  6.502200e-05  2.262000e-06 2.262000e-06 
5.503000e+01  0.000000e+00 0.000000e+00  5.450600e-05  1.994100e-06 1.994100e-06 
5.928000e+01  0.000000e+00 0.000000e+00  4.147100e-05  1.592200e-06 1.592200e-06 
6.402000e+01  0.000000e+00 0.000000e+00  3.277500e-05  1.315100e-06 1.315100e-06 
6.950000e+01  0.000000e+00 0.000000e+00  2.480100e-05  1.032400e-06 1.032400e-06 
7.575000e+01  0.000000e+00 0.000000e+00  1.994300e-05  8.735200e-07 8.735200e-07 
8.273000e+01  0.000000e+00 0.000000e+00  1.585500e-05  7.211200e-07 7.211200e-07 
9.072000e+01  0.000000e+00 0.000000e+00  1.182300e-05  5.739100e-07 5.739100e-07 
9.970000e+01  0.000000e+00 0.000000e+00  8.797300e-06  4.595400e-07 4.595400e-07 
1.099000e+02  0.000000e+00 0.000000e+00  6.661900e-06  3.692600e-07 3.692600e-07 
1.219000e+02  0.000000e+00 0.000000e+00  4.662600e-06  2.806100e-07 2.806100e-07 
1.363000e+02  0.000000e+00 0.000000e+00  3.565900e-06  2.240900e-07 2.240900e-07 
1.540000e+02  0.000000e+00 0.000000e+00  2.356700e-06  1.636600e-07 1.636600e-07 
1.759000e+02  0.000000e+00 0.000000e+00  1.615400e-06  1.181100e-07 1.181100e-07 
2.035000e+02  0.000000e+00 0.000000e+00  1.050600e-06  8.478300e-08 8.478300e-08 
2.396000e+02  0.000000e+00 0.000000e+00  7.236300e-07  6.227400e-08 6.227400e-08 
2.934000e+02  0.000000e+00 0.000000e+00  3.943800e-07  3.754100e-08 3.754100e-08 
3.801000e+02  0.000000e+00 0.000000e+00  1.749600e-07  1.992300e-08 1.992300e-08 
5.338000e+02  0.000000e+00 0.000000e+00  8.045800e-08  1.296500e-08 1.296500e-08 
1.035000e+03  0.000000e+00 0.000000e+00  8.831400e-09  2.864000e-09 2.864000e-09 
