# Data from SSDC cosmic rays database www.ssdc.asi.it 
# File generated today 20190226 
# Errors may contain statistic and systematic depending on the options set when drawing the graph 
# Fluxes are multiplied by a power of Energy (or Rigidity) if the option is set when drawing the graph 
# Horizontal errors usually are not uncertanties of the measurement but correspond to binning. See publication. 
#
# GraphTitle: B/C AMS-02 PRL (2018); 2011-05-19 00:00:00.0,2016-05-26 00:00:00.0; 
# XLabel: kinetic energy (GeV/n) 
# YLabel: fluxratio 
#
# Columns: X, XErrorLow, XErrorHigh, Y, YErrorLow, YErrorHigh 
4.444000e-01  0.000000e+00 0.000000e+00  3.165600e-01  1.651500e-02 1.651500e-02 
5.347000e-01  0.000000e+00 0.000000e+00  3.158000e-01  1.425400e-02 1.425400e-02 
6.370000e-01  0.000000e+00 0.000000e+00  3.115800e-01  1.262500e-02 1.262500e-02 
7.534000e-01  0.000000e+00 0.000000e+00  3.105700e-01  1.140300e-02 1.140300e-02 
8.844000e-01  0.000000e+00 0.000000e+00  3.157100e-01  1.058500e-02 1.058500e-02 
1.030000e+00  0.000000e+00 0.000000e+00  3.182700e-01  9.832800e-03 9.832800e-03 
1.192000e+00  0.000000e+00 0.000000e+00  3.189100e-01  9.164700e-03 9.164700e-03 
1.371000e+00  0.000000e+00 0.000000e+00  3.112100e-01  8.403900e-03 8.403900e-03 
1.568000e+00  0.000000e+00 0.000000e+00  3.070500e-01  7.855300e-03 7.855300e-03 
1.787000e+00  0.000000e+00 0.000000e+00  2.996000e-01  7.326000e-03 7.326000e-03 
2.028000e+00  0.000000e+00 0.000000e+00  2.921200e-01  6.887800e-03 6.887800e-03 
2.290000e+00  0.000000e+00 0.000000e+00  2.859400e-01  6.546900e-03 6.546900e-03 
2.575000e+00  0.000000e+00 0.000000e+00  2.772700e-01  6.201700e-03 6.201700e-03 
2.887000e+00  0.000000e+00 0.000000e+00  2.716400e-01  5.966100e-03 5.966100e-03 
3.224000e+00  0.000000e+00 0.000000e+00  2.653100e-01  5.743000e-03 5.743000e-03 
3.590000e+00  0.000000e+00 0.000000e+00  2.611300e-01  5.591300e-03 5.591300e-03 
3.987000e+00  0.000000e+00 0.000000e+00  2.568100e-01  5.449800e-03 5.449800e-03 
4.414000e+00  0.000000e+00 0.000000e+00  2.508600e-01  5.297400e-03 5.297400e-03 
4.882000e+00  0.000000e+00 0.000000e+00  2.480800e-01  5.217100e-03 5.217100e-03 
5.376000e+00  0.000000e+00 0.000000e+00  2.397000e-01  5.047400e-03 5.047400e-03 
5.895000e+00  0.000000e+00 0.000000e+00  2.364200e-01  4.978900e-03 4.978900e-03 
6.465000e+00  0.000000e+00 0.000000e+00  2.326000e-01  4.907000e-03 4.907000e-03 
7.085000e+00  0.000000e+00 0.000000e+00  2.244300e-01  4.761900e-03 4.761900e-03 
7.755000e+00  0.000000e+00 0.000000e+00  2.220500e-01  4.728300e-03 4.728300e-03 
8.476000e+00  0.000000e+00 0.000000e+00  2.145400e-01  4.605800e-03 4.605800e-03 
9.247000e+00  0.000000e+00 0.000000e+00  2.086000e-01  4.512400e-03 4.512400e-03 
1.007000e+01  0.000000e+00 0.000000e+00  2.024300e-01  4.415900e-03 4.415900e-03 
1.096000e+01  0.000000e+00 0.000000e+00  1.983800e-01  4.355300e-03 4.355300e-03 
1.194000e+01  0.000000e+00 0.000000e+00  1.953800e-01  4.326000e-03 4.326000e-03 
1.296000e+01  0.000000e+00 0.000000e+00  1.868700e-01  4.213600e-03 4.213600e-03 
1.405000e+01  0.000000e+00 0.000000e+00  1.807000e-01  4.136200e-03 4.136200e-03 
1.523000e+01  0.000000e+00 0.000000e+00  1.782100e-01  4.139700e-03 4.139700e-03 
1.647000e+01  0.000000e+00 0.000000e+00  1.726200e-01  4.085200e-03 4.085200e-03 
1.782000e+01  0.000000e+00 0.000000e+00  1.628000e-01  3.955100e-03 3.955100e-03 
1.927000e+01  0.000000e+00 0.000000e+00  1.603700e-01  3.963400e-03 3.963400e-03 
2.082000e+01  0.000000e+00 0.000000e+00  1.610500e-01  4.049900e-03 4.049900e-03 
2.246000e+01  0.000000e+00 0.000000e+00  1.533800e-01  3.997900e-03 3.997900e-03 
2.424000e+01  0.000000e+00 0.000000e+00  1.464400e-01  3.896500e-03 3.896500e-03 
2.614000e+01  0.000000e+00 0.000000e+00  1.444500e-01  3.961200e-03 3.961200e-03 
2.816000e+01  0.000000e+00 0.000000e+00  1.376600e-01  3.896700e-03 3.896700e-03 
3.033000e+01  0.000000e+00 0.000000e+00  1.345400e-01  3.925100e-03 3.925100e-03 
3.268000e+01  0.000000e+00 0.000000e+00  1.314500e-01  3.955300e-03 3.955300e-03 
3.520000e+01  0.000000e+00 0.000000e+00  1.316100e-01  4.077900e-03 4.077900e-03 
3.790000e+01  0.000000e+00 0.000000e+00  1.258200e-01  4.036400e-03 4.036400e-03 
4.079000e+01  0.000000e+00 0.000000e+00  1.264900e-01  4.187400e-03 4.187400e-03 
4.392000e+01  0.000000e+00 0.000000e+00  1.175200e-01  4.079400e-03 4.079400e-03 
4.729000e+01  0.000000e+00 0.000000e+00  1.149800e-01  4.185600e-03 4.185600e-03 
5.103000e+01  0.000000e+00 0.000000e+00  1.087600e-01  4.099400e-03 4.099400e-03 
5.503000e+01  0.000000e+00 0.000000e+00  1.129900e-01  4.444200e-03 4.444200e-03 
5.928000e+01  0.000000e+00 0.000000e+00  1.033800e-01  4.283900e-03 4.283900e-03 
6.402000e+01  0.000000e+00 0.000000e+00  1.022700e-01  4.422000e-03 4.422000e-03 
6.950000e+01  0.000000e+00 0.000000e+00  9.633200e-02  4.328000e-03 4.328000e-03 
7.575000e+01  0.000000e+00 0.000000e+00  9.942900e-02  4.667400e-03 4.667400e-03 
8.273000e+01  0.000000e+00 0.000000e+00  9.953500e-02  4.800700e-03 4.800700e-03 
9.072000e+01  0.000000e+00 0.000000e+00  9.443000e-02  4.832700e-03 4.832700e-03 
9.970000e+01  0.000000e+00 0.000000e+00  9.235500e-02  5.067300e-03 5.067300e-03 
1.099000e+02  0.000000e+00 0.000000e+00  8.885400e-02  5.130500e-03 5.130500e-03 
1.219000e+02  0.000000e+00 0.000000e+00  8.134100e-02  5.086900e-03 5.086900e-03 
1.363000e+02  0.000000e+00 0.000000e+00  8.189500e-02  5.279000e-03 5.279000e-03 
1.540000e+02  0.000000e+00 0.000000e+00  7.672700e-02  5.395100e-03 5.395100e-03 
1.759000e+02  0.000000e+00 0.000000e+00  7.284100e-02  5.482900e-03 5.482900e-03 
2.035000e+02  0.000000e+00 0.000000e+00  7.350800e-02  6.031900e-03 6.031900e-03 
2.396000e+02  0.000000e+00 0.000000e+00  7.404600e-02  6.387000e-03 6.387000e-03 
2.934000e+02  0.000000e+00 0.000000e+00  6.902600e-02  6.474100e-03 6.474100e-03 
3.801000e+02  0.000000e+00 0.000000e+00  6.175100e-02  6.884700e-03 6.884700e-03 
5.338000e+02  0.000000e+00 0.000000e+00  6.669600e-02  8.627500e-03 8.627500e-03 
1.035000e+03  0.000000e+00 0.000000e+00  3.736000e-02  1.182300e-02 1.182300e-02 
