# Data from SSDC cosmic rays database www.ssdc.asi.it 
# File generated today 20190225 
# Errors may contain statistic and systematic depending on the options set when drawing the graph 
# Fluxes are multiplied by a power of Energy (or Rigidity) if the option is set when drawing the graph 
# Horizontal errors usually are not uncertanties of the measurement but correspond to binning. See publication. 
#
# GraphTitle: B/O AMS-02 PRL (2018); 2011-05-19 00:00:00.0,2016-05-26 00:00:00.0; 
# XLabel: kinetic energy (GeV/n) 
# YLabel: fluxratio 
#
# Columns: X, XErrorLow, XErrorHigh, Y, YErrorLow, YErrorHigh 
4.444000e-01  0.000000e+00 0.000000e+00  3.123000e-01  1.603100e-02 1.603100e-02 
5.347000e-01  0.000000e+00 0.000000e+00  3.290400e-01  1.473100e-02 1.473100e-02 
6.370000e-01  0.000000e+00 0.000000e+00  3.349600e-01  1.350900e-02 1.350900e-02 
7.534000e-01  0.000000e+00 0.000000e+00  3.342700e-01  1.226300e-02 1.226300e-02 
8.844000e-01  0.000000e+00 0.000000e+00  3.335400e-01  1.122300e-02 1.122300e-02 
1.030000e+00  0.000000e+00 0.000000e+00  3.338700e-01  1.040300e-02 1.040300e-02 
1.192000e+00  0.000000e+00 0.000000e+00  3.318900e-01  9.673900e-03 9.673900e-03 
1.371000e+00  0.000000e+00 0.000000e+00  3.260500e-01  8.984700e-03 8.984700e-03 
1.568000e+00  0.000000e+00 0.000000e+00  3.222600e-01  8.464200e-03 8.464200e-03 
1.787000e+00  0.000000e+00 0.000000e+00  3.163800e-01  7.992700e-03 7.992700e-03 
2.028000e+00  0.000000e+00 0.000000e+00  3.083300e-01  7.556400e-03 7.556400e-03 
2.290000e+00  0.000000e+00 0.000000e+00  3.022300e-01  7.234800e-03 7.234800e-03 
2.575000e+00  0.000000e+00 0.000000e+00  2.936600e-01  6.904700e-03 6.904700e-03 
2.887000e+00  0.000000e+00 0.000000e+00  2.870000e-01  6.659600e-03 6.659600e-03 
3.224000e+00  0.000000e+00 0.000000e+00  2.793500e-01  6.414500e-03 6.414500e-03 
3.590000e+00  0.000000e+00 0.000000e+00  2.728700e-01  6.218700e-03 6.218700e-03 
3.987000e+00  0.000000e+00 0.000000e+00  2.664200e-01  6.037500e-03 6.037500e-03 
4.414000e+00  0.000000e+00 0.000000e+00  2.589300e-01  5.855400e-03 5.855400e-03 
4.882000e+00  0.000000e+00 0.000000e+00  2.534000e-01  5.720200e-03 5.720200e-03 
5.376000e+00  0.000000e+00 0.000000e+00  2.428300e-01  5.497300e-03 5.497300e-03 
5.895000e+00  0.000000e+00 0.000000e+00  2.379500e-01  5.394800e-03 5.394800e-03 
6.465000e+00  0.000000e+00 0.000000e+00  2.340000e-01  5.320000e-03 5.320000e-03 
7.085000e+00  0.000000e+00 0.000000e+00  2.236100e-01  5.114700e-03 5.114700e-03 
7.755000e+00  0.000000e+00 0.000000e+00  2.196200e-01  5.043100e-03 5.043100e-03 
8.476000e+00  0.000000e+00 0.000000e+00  2.110200e-01  4.884000e-03 4.884000e-03 
9.247000e+00  0.000000e+00 0.000000e+00  2.053400e-01  4.787800e-03 4.787800e-03 
1.007000e+01  0.000000e+00 0.000000e+00  1.983100e-01  4.660800e-03 4.660800e-03 
1.096000e+01  0.000000e+00 0.000000e+00  1.923100e-01  4.547400e-03 4.547400e-03 
1.194000e+01  0.000000e+00 0.000000e+00  1.886700e-01  4.497600e-03 4.497600e-03 
1.296000e+01  0.000000e+00 0.000000e+00  1.798300e-01  4.358500e-03 4.358500e-03 
1.405000e+01  0.000000e+00 0.000000e+00  1.722700e-01  4.233900e-03 4.233900e-03 
1.523000e+01  0.000000e+00 0.000000e+00  1.689400e-01  4.210600e-03 4.210600e-03 
1.647000e+01  0.000000e+00 0.000000e+00  1.634000e-01  4.145100e-03 4.145100e-03 
1.782000e+01  0.000000e+00 0.000000e+00  1.538400e-01  3.998900e-03 3.998900e-03 
1.927000e+01  0.000000e+00 0.000000e+00  1.527600e-01  4.037900e-03 4.037900e-03 
2.082000e+01  0.000000e+00 0.000000e+00  1.506600e-01  4.051200e-03 4.051200e-03 
2.246000e+01  0.000000e+00 0.000000e+00  1.427800e-01  3.970000e-03 3.970000e-03 
2.424000e+01  0.000000e+00 0.000000e+00  1.371200e-01  3.891300e-03 3.891300e-03 
2.614000e+01  0.000000e+00 0.000000e+00  1.335600e-01  3.901200e-03 3.901200e-03 
2.816000e+01  0.000000e+00 0.000000e+00  1.288600e-01  3.881800e-03 3.881800e-03 
3.033000e+01  0.000000e+00 0.000000e+00  1.245600e-01  3.862400e-03 3.862400e-03 
3.268000e+01  0.000000e+00 0.000000e+00  1.201800e-01  3.840000e-03 3.840000e-03 
3.520000e+01  0.000000e+00 0.000000e+00  1.223200e-01  4.023200e-03 4.023200e-03 
3.790000e+01  0.000000e+00 0.000000e+00  1.165200e-01  3.963800e-03 3.963800e-03 
4.079000e+01  0.000000e+00 0.000000e+00  1.149200e-01  4.031000e-03 4.031000e-03 
4.392000e+01  0.000000e+00 0.000000e+00  1.091400e-01  4.007100e-03 4.007100e-03 
4.729000e+01  0.000000e+00 0.000000e+00  1.058500e-01  4.066200e-03 4.066200e-03 
5.103000e+01  0.000000e+00 0.000000e+00  1.003000e-01  3.987100e-03 3.987100e-03 
5.503000e+01  0.000000e+00 0.000000e+00  1.018300e-01  4.216400e-03 4.216400e-03 
5.928000e+01  0.000000e+00 0.000000e+00  9.500200e-02  4.136500e-03 4.136500e-03 
6.402000e+01  0.000000e+00 0.000000e+00  9.197700e-02  4.171500e-03 4.171500e-03 
6.950000e+01  0.000000e+00 0.000000e+00  8.554700e-02  4.026900e-03 4.026900e-03 
7.575000e+01  0.000000e+00 0.000000e+00  8.889800e-02  4.368800e-03 4.368800e-03 
8.273000e+01  0.000000e+00 0.000000e+00  8.902500e-02  4.497000e-03 4.497000e-03 
9.072000e+01  0.000000e+00 0.000000e+00  8.401100e-02  4.492200e-03 4.492200e-03 
9.970000e+01  0.000000e+00 0.000000e+00  7.882700e-02  4.500400e-03 4.500400e-03 
1.099000e+02  0.000000e+00 0.000000e+00  7.951500e-02  4.777000e-03 4.777000e-03 
1.219000e+02  0.000000e+00 0.000000e+00  7.354700e-02  4.771100e-03 4.771100e-03 
1.363000e+02  0.000000e+00 0.000000e+00  7.523300e-02  5.034100e-03 5.034100e-03 
1.540000e+02  0.000000e+00 0.000000e+00  6.913900e-02  5.027200e-03 5.027200e-03 
1.759000e+02  0.000000e+00 0.000000e+00  6.605500e-02  5.132200e-03 5.132200e-03 
2.035000e+02  0.000000e+00 0.000000e+00  6.387500e-02  5.390700e-03 5.390700e-03 
2.396000e+02  0.000000e+00 0.000000e+00  6.883600e-02  6.114800e-03 6.114800e-03 
2.934000e+02  0.000000e+00 0.000000e+00  6.573700e-02  6.339800e-03 6.339800e-03 
3.801000e+02  0.000000e+00 0.000000e+00  5.597800e-02  6.373600e-03 6.373600e-03 
5.338000e+02  0.000000e+00 0.000000e+00  5.961000e-02  7.840800e-03 7.840800e-03 
1.035000e+03  0.000000e+00 0.000000e+00  3.287900e-02  1.047400e-02 1.047400e-02 
