# Data from SSDC cosmic rays database www.ssdc.asi.it 
# File generated today 20190501 
# Errors may contain statistic and systematic depending on the options set when drawing the graph 
# Fluxes are multiplied by a power of Energy (or Rigidity) if the option is set when drawing the graph 
# Horizontal errors usually are not uncertanties of the measurement but correspond to binning. See publication. 
#
# GraphTitle: Be AMS-02 PRL (2018); 2011-05-19 00:00:00.0,2016-05-26 00:00:00.0; 
# XLabel: kinetic energy (GeV/n) 
# YLabel: flux ((m^{2} s sr GeV/n)^{-1}) 
#
# Columns: X, XErrorLow, XErrorHigh, Y, YErrorLow, YErrorHigh 
4.444000e-01  0.000000e+00 0.000000e+00  3.655200e-01  1.198700e-02 1.198700e-02 
5.347000e-01  0.000000e+00 0.000000e+00  3.482400e-01  1.080200e-02 1.080200e-02 
6.370000e-01  0.000000e+00 0.000000e+00  3.155500e-01  9.399900e-03 9.399900e-03 
7.534000e-01  0.000000e+00 0.000000e+00  2.896100e-01  8.345900e-03 8.345900e-03 
8.844000e-01  0.000000e+00 0.000000e+00  2.631900e-01  7.394800e-03 7.394800e-03 
1.030000e+00  0.000000e+00 0.000000e+00  2.281700e-01  6.284500e-03 6.284500e-03 
1.192000e+00  0.000000e+00 0.000000e+00  1.977700e-01  5.370600e-03 5.370600e-03 
1.371000e+00  0.000000e+00 0.000000e+00  1.676700e-01  4.506000e-03 4.506000e-03 
1.568000e+00  0.000000e+00 0.000000e+00  1.418600e-01  3.778300e-03 3.778300e-03 
1.787000e+00  0.000000e+00 0.000000e+00  1.195700e-01  3.163500e-03 3.163500e-03 
2.028000e+00  0.000000e+00 0.000000e+00  9.826000e-02  2.591300e-03 2.591300e-03 
2.290000e+00  0.000000e+00 0.000000e+00  8.107500e-02  2.134000e-03 2.134000e-03 
2.575000e+00  0.000000e+00 0.000000e+00  6.619500e-02  1.740400e-03 1.740400e-03 
2.887000e+00  0.000000e+00 0.000000e+00  5.357700e-02  1.408500e-03 1.408500e-03 
3.224000e+00  0.000000e+00 0.000000e+00  4.270100e-02  1.123600e-03 1.123600e-03 
3.590000e+00  0.000000e+00 0.000000e+00  3.483000e-02  9.177400e-04 9.177400e-04 
3.987000e+00  0.000000e+00 0.000000e+00  2.814400e-02  7.435800e-04 7.435800e-04 
4.414000e+00  0.000000e+00 0.000000e+00  2.251700e-02  5.972100e-04 5.972100e-04 
4.882000e+00  0.000000e+00 0.000000e+00  1.774300e-02  4.724500e-04 4.724500e-04 
5.376000e+00  0.000000e+00 0.000000e+00  1.457900e-02  3.906500e-04 3.906500e-04 
5.895000e+00  0.000000e+00 0.000000e+00  1.166700e-02  3.141200e-04 3.141200e-04 
6.465000e+00  0.000000e+00 0.000000e+00  9.326900e-03  2.524900e-04 2.524900e-04 
7.085000e+00  0.000000e+00 0.000000e+00  7.486000e-03  2.038400e-04 2.038400e-04 
7.755000e+00  0.000000e+00 0.000000e+00  6.095500e-03  1.669200e-04 1.669200e-04 
8.476000e+00  0.000000e+00 0.000000e+00  4.793600e-03  1.322500e-04 1.322500e-04 
9.247000e+00  0.000000e+00 0.000000e+00  3.880900e-03  1.077100e-04 1.077100e-04 
1.007000e+01  0.000000e+00 0.000000e+00  3.131600e-03  8.740000e-05 8.740000e-05 
1.096000e+01  0.000000e+00 0.000000e+00  2.467400e-03  6.919300e-05 6.919300e-05 
1.194000e+01  0.000000e+00 0.000000e+00  1.938000e-03  5.484900e-05 5.484900e-05 
1.296000e+01  0.000000e+00 0.000000e+00  1.558500e-03  4.448900e-05 4.448900e-05 
1.405000e+01  0.000000e+00 0.000000e+00  1.259400e-03  3.623100e-05 3.623100e-05 
1.523000e+01  0.000000e+00 0.000000e+00  1.024400e-03  2.983800e-05 2.983800e-05 
1.647000e+01  0.000000e+00 0.000000e+00  8.100800e-04  2.391700e-05 2.391700e-05 
1.782000e+01  0.000000e+00 0.000000e+00  6.526900e-04  1.955500e-05 1.955500e-05 
1.927000e+01  0.000000e+00 0.000000e+00  5.221900e-04  1.593400e-05 1.593400e-05 
2.082000e+01  0.000000e+00 0.000000e+00  4.073300e-04  1.272700e-05 1.272700e-05 
2.246000e+01  0.000000e+00 0.000000e+00  3.342200e-04  1.065900e-05 1.065900e-05 
2.424000e+01  0.000000e+00 0.000000e+00  2.643100e-04  8.633900e-06 8.633900e-06 
2.614000e+01  0.000000e+00 0.000000e+00  2.115900e-04  7.117200e-06 7.117200e-06 
2.816000e+01  0.000000e+00 0.000000e+00  1.701800e-04  5.884700e-06 5.884700e-06 
3.033000e+01  0.000000e+00 0.000000e+00  1.385600e-04  4.929500e-06 4.929500e-06 
3.268000e+01  0.000000e+00 0.000000e+00  1.054600e-04  3.909200e-06 3.909200e-06 
3.520000e+01  0.000000e+00 0.000000e+00  8.846500e-05  3.374600e-06 3.374600e-06 
3.790000e+01  0.000000e+00 0.000000e+00  6.700200e-05  2.689800e-06 2.689800e-06 
4.079000e+01  0.000000e+00 0.000000e+00  5.628100e-05  2.327700e-06 2.327700e-06 
4.392000e+01  0.000000e+00 0.000000e+00  4.730500e-05  2.011600e-06 2.011600e-06 
4.729000e+01  0.000000e+00 0.000000e+00  3.651900e-05  1.639400e-06 1.639400e-06 
5.103000e+01  0.000000e+00 0.000000e+00  2.804800e-05  1.312200e-06 1.312200e-06 
5.503000e+01  0.000000e+00 0.000000e+00  2.260700e-05  1.134200e-06 1.134200e-06 
5.928000e+01  0.000000e+00 0.000000e+00  1.771200e-05  9.286400e-07 9.286400e-07 
6.402000e+01  0.000000e+00 0.000000e+00  1.261600e-05  7.188400e-07 7.188400e-07 
6.950000e+01  0.000000e+00 0.000000e+00  1.121400e-05  6.267600e-07 6.267600e-07 
7.575000e+01  0.000000e+00 0.000000e+00  7.749000e-06  4.820000e-07 4.820000e-07 
8.273000e+01  0.000000e+00 0.000000e+00  6.616700e-06  4.154900e-07 4.154900e-07 
9.072000e+01  0.000000e+00 0.000000e+00  4.304500e-06  3.046500e-07 3.046500e-07 
9.970000e+01  0.000000e+00 0.000000e+00  3.191000e-06  2.443500e-07 2.443500e-07 
1.099000e+02  0.000000e+00 0.000000e+00  2.885800e-06  2.182500e-07 2.182500e-07 
1.219000e+02  0.000000e+00 0.000000e+00  2.031000e-06  1.664000e-07 1.664000e-07 
1.363000e+02  0.000000e+00 0.000000e+00  1.492700e-06  1.284600e-07 1.284600e-07 
1.540000e+02  0.000000e+00 0.000000e+00  9.562600e-07  9.195200e-08 9.195200e-08 
1.759000e+02  0.000000e+00 0.000000e+00  6.153100e-07  6.542000e-08 6.542000e-08 
2.035000e+02  0.000000e+00 0.000000e+00  4.787700e-07  5.219800e-08 5.219800e-08 
2.396000e+02  0.000000e+00 0.000000e+00  2.461700e-07  3.182800e-08 3.182800e-08 
2.934000e+02  0.000000e+00 0.000000e+00  1.548100e-07  2.072900e-08 2.072900e-08 
3.801000e+02  0.000000e+00 0.000000e+00  7.206300e-08  1.137800e-08 1.137800e-08 
5.338000e+02  0.000000e+00 0.000000e+00  2.500400e-08  5.018000e-09 5.018000e-09 
1.035000e+03  0.000000e+00 0.000000e+00  2.798300e-09  1.484200e-09 1.484200e-09 
