# Data from SSDC cosmic rays database www.ssdc.asi.it 
# File generated today 20190225 
# Errors may contain statistic and systematic depending on the options set when drawing the graph 
# Fluxes are multiplied by a power of Energy (or Rigidity) if the option is set when drawing the graph 
# Horizontal errors usually are not uncertanties of the measurement but correspond to binning. See publication. 
#
# GraphTitle: C AMS-02 PRL (2017); 2011-05-19 00:00:00.0,2016-05-26 00:00:00.0; 
# XLabel: kinetic energy (GeV/n) 
# YLabel: flux ((m^{2} s sr GeV/n)^{-1}) 
#
# Columns: X, XErrorLow, XErrorHigh, Y, YErrorLow, YErrorHigh 
4.444000e-01  0.000000e+00 0.000000e+00  3.903200e+00  1.344300e-01 1.344300e-01 
5.347000e-01  0.000000e+00 0.000000e+00  3.742800e+00  1.075600e-01 1.075600e-01 
6.370000e-01  0.000000e+00 0.000000e+00  3.465000e+00  9.347000e-02 9.347000e-02 
7.534000e-01  0.000000e+00 0.000000e+00  3.064800e+00  7.926000e-02 7.926000e-02 
8.844000e-01  0.000000e+00 0.000000e+00  2.624500e+00  6.566700e-02 6.566700e-02 
1.030000e+00  0.000000e+00 0.000000e+00  2.235200e+00  5.450100e-02 5.450100e-02 
1.192000e+00  0.000000e+00 0.000000e+00  1.889000e+00  4.514800e-02 4.514800e-02 
1.371000e+00  0.000000e+00 0.000000e+00  1.606100e+00  3.780400e-02 3.780400e-02 
1.568000e+00  0.000000e+00 0.000000e+00  1.355700e+00  3.153900e-02 3.153900e-02 
1.787000e+00  0.000000e+00 0.000000e+00  1.141700e+00  2.633300e-02 2.633300e-02 
2.028000e+00  0.000000e+00 0.000000e+00  9.496800e-01  2.177500e-02 2.177500e-02 
2.290000e+00  0.000000e+00 0.000000e+00  7.887300e-01  1.801300e-02 1.801300e-02 
2.575000e+00  0.000000e+00 0.000000e+00  6.520600e-01  1.485500e-02 1.485500e-02 
2.887000e+00  0.000000e+00 0.000000e+00  5.342400e-01  1.215500e-02 1.215500e-02 
3.224000e+00  0.000000e+00 0.000000e+00  4.391400e-01  9.985900e-03 9.985900e-03 
3.590000e+00  0.000000e+00 0.000000e+00  3.582300e-01  8.147400e-03 8.147400e-03 
3.987000e+00  0.000000e+00 0.000000e+00  2.916200e-01  6.636900e-03 6.636900e-03 
4.414000e+00  0.000000e+00 0.000000e+00  2.371800e-01  5.403300e-03 5.403300e-03 
4.882000e+00  0.000000e+00 0.000000e+00  1.921900e-01  4.383500e-03 4.383500e-03 
5.376000e+00  0.000000e+00 0.000000e+00  1.571500e-01  3.590400e-03 3.590400e-03 
5.895000e+00  0.000000e+00 0.000000e+00  1.287600e-01  2.946500e-03 2.946500e-03 
6.465000e+00  0.000000e+00 0.000000e+00  1.050600e-01  2.408600e-03 2.408600e-03 
7.085000e+00  0.000000e+00 0.000000e+00  8.604100e-02  1.976700e-03 1.976700e-03 
7.755000e+00  0.000000e+00 0.000000e+00  6.999700e-02  1.612000e-03 1.612000e-03 
8.476000e+00  0.000000e+00 0.000000e+00  5.725400e-02  1.322100e-03 1.322100e-03 
9.247000e+00  0.000000e+00 0.000000e+00  4.707900e-02  1.090100e-03 1.090100e-03 
1.007000e+01  0.000000e+00 0.000000e+00  3.844000e-02  8.926900e-04 8.926900e-04 
1.096000e+01  0.000000e+00 0.000000e+00  3.137300e-02  7.306900e-04 7.306900e-04 
1.194000e+01  0.000000e+00 0.000000e+00  2.553600e-02  5.968900e-04 5.968900e-04 
1.296000e+01  0.000000e+00 0.000000e+00  2.086200e-02  4.894700e-04 4.894700e-04 
1.405000e+01  0.000000e+00 0.000000e+00  1.705400e-02  4.016600e-04 4.016600e-04 
1.523000e+01  0.000000e+00 0.000000e+00  1.398600e-02  3.308700e-04 3.308700e-04 
1.647000e+01  0.000000e+00 0.000000e+00  1.150500e-02  2.733500e-04 2.733500e-04 
1.782000e+01  0.000000e+00 0.000000e+00  9.443200e-03  2.254300e-04 2.254300e-04 
1.927000e+01  0.000000e+00 0.000000e+00  7.779500e-03  1.866400e-04 1.866400e-04 
2.082000e+01  0.000000e+00 0.000000e+00  6.317000e-03  1.523800e-04 1.523800e-04 
2.246000e+01  0.000000e+00 0.000000e+00  5.186400e-03  1.258100e-04 1.258100e-04 
2.424000e+01  0.000000e+00 0.000000e+00  4.337100e-03  1.057500e-04 1.057500e-04 
2.614000e+01  0.000000e+00 0.000000e+00  3.531900e-03  8.666700e-05 8.666700e-05 
2.816000e+01  0.000000e+00 0.000000e+00  2.917200e-03  7.201400e-05 7.201400e-05 
3.033000e+01  0.000000e+00 0.000000e+00  2.390300e-03  5.939600e-05 5.939600e-05 
3.268000e+01  0.000000e+00 0.000000e+00  1.945900e-03  4.867400e-05 4.867400e-05 
3.520000e+01  0.000000e+00 0.000000e+00  1.601100e-03  4.034600e-05 4.034600e-05 
3.790000e+01  0.000000e+00 0.000000e+00  1.326600e-03  3.366500e-05 3.366500e-05 
4.079000e+01  0.000000e+00 0.000000e+00  1.078300e-03  2.759200e-05 2.759200e-05 
4.392000e+01  0.000000e+00 0.000000e+00  8.958600e-04  2.309200e-05 2.309200e-05 
4.729000e+01  0.000000e+00 0.000000e+00  7.259900e-04  1.888400e-05 1.888400e-05 
5.103000e+01  0.000000e+00 0.000000e+00  5.978400e-04  1.564300e-05 1.564300e-05 
5.503000e+01  0.000000e+00 0.000000e+00  4.824100e-04  1.280500e-05 1.280500e-05 
5.928000e+01  0.000000e+00 0.000000e+00  4.011400e-04  1.072100e-05 1.072100e-05 
6.402000e+01  0.000000e+00 0.000000e+00  3.204800e-04  8.657600e-06 8.657600e-06 
6.950000e+01  0.000000e+00 0.000000e+00  2.574600e-04  6.997200e-06 6.997200e-06 
7.575000e+01  0.000000e+00 0.000000e+00  2.005800e-04  5.543100e-06 5.543100e-06 
8.273000e+01  0.000000e+00 0.000000e+00  1.592900e-04  4.455200e-06 4.455200e-06 
9.072000e+01  0.000000e+00 0.000000e+00  1.252100e-04  3.558900e-06 3.558900e-06 
9.970000e+01  0.000000e+00 0.000000e+00  9.525500e-05  2.770500e-06 2.770500e-06 
1.099000e+02  0.000000e+00 0.000000e+00  7.497600e-05  2.222200e-06 2.222200e-06 
1.219000e+02  0.000000e+00 0.000000e+00  5.732200e-05  1.738700e-06 1.738700e-06 
1.363000e+02  0.000000e+00 0.000000e+00  4.354300e-05  1.352700e-06 1.352700e-06 
1.540000e+02  0.000000e+00 0.000000e+00  3.071500e-05  9.936800e-07 9.936800e-07 
1.759000e+02  0.000000e+00 0.000000e+00  2.217700e-05  7.496400e-07 7.496400e-07 
2.035000e+02  0.000000e+00 0.000000e+00  1.429200e-05  5.188300e-07 5.188300e-07 
2.396000e+02  0.000000e+00 0.000000e+00  9.772700e-06  3.826900e-07 3.826900e-07 
2.896000e+02  0.000000e+00 0.000000e+00  5.901800e-06  2.595600e-07 2.595600e-07 
3.626000e+02  0.000000e+00 0.000000e+00  3.245700e-06  1.669300e-07 1.669300e-07 
4.809000e+02  0.000000e+00 0.000000e+00  1.511700e-06  9.583300e-08 9.583300e-08 
7.121000e+02  0.000000e+00 0.000000e+00  5.566700e-07  5.032800e-08 5.032800e-08 
1.161000e+03  0.000000e+00 0.000000e+00  1.731900e-07  2.216500e-08 2.216500e-08 
