#   He  AMS02(2011/05-2013/11)
#   <E>  Elo  Eup   y   ystat_lo  ystat_up  ysyst_lo  ysyst_up  yerrtot_lo  yerrtot_up
4.465960e-01 4.059623e-01 4.907268e-01 1.637003e+02 1.900020e-01 1.900020e-01 3.257178e+00 3.257178e+00 3.262715e+00 3.262715e+00
5.371880e-01 4.907268e-01 5.873773e-01 1.463621e+02 1.552365e-01 1.552365e-01 2.535529e+00 2.535529e+00 2.540277e+00 2.540277e+00
6.397802e-01 5.873773e-01 6.961003e-01 1.285124e+02 1.241905e-01 1.241905e-01 2.036725e+00 2.036725e+00 2.040508e+00 2.040508e+00
7.564719e-01 6.961003e-01 8.211930e-01 1.125874e+02 9.594156e-02 9.594156e-02 1.678977e+00 1.678977e+00 1.681716e+00 1.681716e+00
8.876868e-01 8.211930e-01 9.586238e-01 9.724466e+01 9.314623e-02 9.314623e-02 1.420480e+00 1.420480e+00 1.423531e+00 1.423531e+00
1.033275e+00 9.586238e-01 1.112701e+00 8.291831e+01 6.815204e-02 6.815204e-02 1.204019e+00 1.204019e+00 1.205946e+00 1.205946e+00
1.195576e+00 1.112701e+00 1.283506e+00 6.997175e+01 6.674570e-02 6.674570e-02 1.001186e+00 1.001186e+00 1.003408e+00 1.003408e+00
1.374619e+00 1.283506e+00 1.471031e+00 5.840016e+01 4.372906e-02 4.372906e-02 8.308521e-01 8.308521e-01 8.320021e-01 8.320021e-01
1.572574e+00 1.471031e+00 1.679875e+00 4.848224e+01 4.309532e-02 4.309532e-02 6.895252e-01 6.895252e-01 6.908706e-01 6.908706e-01
1.791906e+00 1.679875e+00 1.910089e+00 3.993042e+01 2.128487e-02 2.128487e-02 5.746915e-01 5.746915e-01 5.750855e-01 5.750855e-01
2.032617e+00 1.910089e+00 2.161654e+00 3.276128e+01 2.106835e-02 2.106835e-02 4.635036e-01 4.635036e-01 4.639822e-01 4.639822e-01
2.294673e+00 2.161654e+00 2.434506e+00 2.678170e+01 2.089056e-02 2.089056e-02 3.760302e-01 3.760302e-01 3.766100e-01 3.766100e-01
2.580286e+00 2.434506e+00 2.733393e+00 2.186393e+01 2.074376e-02 2.074376e-02 3.111564e-01 3.111564e-01 3.118471e-01 3.118471e-01
2.891953e+00 2.733393e+00 3.058290e+00 1.782976e+01 1.237319e-02 1.237319e-02 2.474638e-01 2.474638e-01 2.477729e-01 2.477729e-01
3.229629e+00 3.058290e+00 3.409145e+00 1.453115e+01 1.026066e-02 1.026066e-02 2.011089e-01 2.011089e-01 2.013705e-01 2.013705e-01
3.595593e+00 3.409145e+00 3.790793e+00 1.182530e+01 8.175110e-03 8.175110e-03 1.614584e-01 1.614584e-01 1.616652e-01 1.616652e-01
3.992359e+00 3.790793e+00 4.203201e+00 9.654522e+00 8.147277e-03 8.147277e-03 1.323932e-01 1.323932e-01 1.326436e-01 1.326436e-01
4.419843e+00 4.203201e+00 4.646324e+00 7.852000e+00 6.093120e-03 6.093120e-03 1.076451e-01 1.076451e-01 1.078174e-01 1.078174e-01
4.887580e+00 4.646324e+00 5.139870e+00 6.358080e+00 6.078470e-03 6.078470e-03 8.712474e-02 8.712474e-02 8.733652e-02 8.733652e-02
5.382028e+00 5.139870e+00 5.634392e+00 5.188849e+00 4.044310e-03 4.044310e-03 7.077542e-02 7.077542e-02 7.089088e-02 7.089088e-02
5.901171e+00 5.634392e+00 6.179251e+00 4.239628e+00 4.037741e-03 4.037741e-03 5.854724e-02 5.854724e-02 5.868631e-02 5.868631e-02
6.470667e+00 6.179251e+00 6.774476e+00 3.449453e+00 4.032090e-03 4.032090e-03 4.636903e-02 4.636903e-02 4.654401e-02 4.654401e-02
7.090581e+00 6.774476e+00 7.420075e+00 2.809023e+00 2.013637e-03 2.013637e-03 3.825910e-02 3.825910e-02 3.831205e-02 3.831205e-02
7.760917e+00 7.420075e+00 8.116039e+00 2.281151e+00 2.011597e-03 2.011597e-03 3.017396e-02 3.017396e-02 3.024094e-02 3.024094e-02
8.481610e+00 8.116039e+00 8.862354e+00 1.857327e+00 2.009877e-03 2.009877e-03 2.532445e-02 2.532445e-02 2.540408e-02 2.540408e-02
9.252743e+00 8.862354e+00 9.658996e+00 1.503309e+00 1.807586e-03 1.807586e-03 2.048597e-02 2.048597e-02 2.056556e-02 2.056556e-02
1.007419e+01 9.658996e+00 1.050594e+01 1.224399e+00 1.405048e-03 1.405048e-03 1.665985e-02 1.665985e-02 1.671899e-02 1.671899e-02
1.096991e+01 1.050594e+01 1.145303e+01 9.956580e-01 1.203697e-03 1.203697e-03 1.364190e-02 1.364190e-02 1.369490e-02 1.369490e-02
1.194194e+01 1.145303e+01 1.245040e+01 8.111288e-01 1.002631e-03 1.002631e-03 1.102894e-02 1.102894e-02 1.107442e-02 1.107442e-02
1.296425e+01 1.245040e+01 1.349804e+01 6.604874e-01 8.018057e-04 8.018057e-04 9.020314e-03 9.020314e-03 9.055880e-03 9.055880e-03
1.406085e+01 1.349804e+01 1.464581e+01 5.382411e-01 8.015505e-04 8.015505e-04 7.414342e-03 7.414342e-03 7.457543e-03 7.457543e-03
1.523364e+01 1.464581e+01 1.584382e+01 4.395312e-01 6.009999e-04 6.009999e-04 6.009999e-03 6.009999e-03 6.039974e-03 6.039974e-03
1.648072e+01 1.584382e+01 1.714195e+01 3.599160e-01 6.008615e-04 6.008615e-04 5.007179e-03 5.007179e-03 5.043102e-03 5.043102e-03
1.782797e+01 1.714195e+01 1.854022e+01 2.941633e-01 4.004946e-04 4.004946e-04 4.004947e-03 4.004947e-03 4.024922e-03 4.024922e-03
1.927546e+01 1.854022e+01 2.003863e+01 2.398553e-01 4.004262e-04 4.004262e-04 3.403623e-03 3.403623e-03 3.427097e-03 3.427097e-03
2.082313e+01 2.003863e+01 2.163716e+01 1.966606e-01 3.603309e-04 3.603309e-04 2.722500e-03 2.722500e-03 2.746242e-03 2.746242e-03
2.247102e+01 2.163716e+01 2.333581e+01 1.615482e-01 3.202541e-04 3.202541e-04 2.241779e-03 2.241779e-03 2.264539e-03 2.264539e-03
2.424316e+01 2.333581e+01 2.518454e+01 1.314101e-01 2.801921e-04 2.801921e-04 1.821249e-03 1.821249e-03 1.842676e-03 1.842676e-03
2.614135e+01 2.518454e+01 2.713338e+01 1.083642e-01 2.401424e-04 2.401424e-04 1.520902e-03 1.520902e-03 1.539744e-03 1.539744e-03
2.816389e+01 2.713338e+01 2.923230e+01 8.896566e-02 2.201130e-04 2.201130e-04 1.240637e-03 1.240637e-03 1.260012e-03 1.260012e-03
3.033655e+01 2.923230e+01 3.148131e+01 7.287238e-02 1.800800e-04 1.800800e-04 1.020453e-03 1.020453e-03 1.036221e-03 1.036221e-03
3.268348e+01 3.148131e+01 3.393036e+01 5.970296e-02 1.600615e-04 1.600615e-04 8.403231e-04 8.403231e-04 8.554312e-04 8.554312e-04
3.520652e+01 3.393036e+01 3.652950e+01 4.913635e-02 1.400466e-04 1.400466e-04 6.802263e-04 6.802263e-04 6.944932e-04 6.944932e-04
3.790384e+01 3.652950e+01 3.932869e+01 4.031161e-02 1.200346e-04 1.200346e-04 5.601614e-04 5.601614e-04 5.728779e-04 5.728779e-04
4.080131e+01 3.932869e+01 4.232794e+01 3.308825e-02 1.000249e-04 1.000249e-04 4.601148e-04 4.601148e-04 4.708616e-04 4.708616e-04
4.392314e+01 4.232794e+01 4.557724e+01 2.714586e-02 1.000216e-04 1.000216e-04 3.800821e-04 3.800821e-04 3.930225e-04 3.930225e-04
4.729516e+01 4.557724e+01 4.907659e+01 2.226416e-02 8.001494e-05 8.001494e-05 3.200598e-04 3.200598e-04 3.299101e-04 3.299101e-04
5.103776e+01 4.907659e+01 5.307594e+01 1.813892e-02 6.801094e-05 6.801094e-05 2.580415e-04 2.580415e-04 2.668537e-04 2.668537e-04
5.503966e+01 5.307594e+01 5.707539e+01 1.465803e-02 6.000832e-05 6.000832e-05 2.100291e-04 2.100291e-04 2.184336e-04 2.184336e-04
5.928262e+01 5.707539e+01 6.157485e+01 1.195543e-02 5.200623e-05 5.200623e-05 1.720206e-04 1.720206e-04 1.797101e-04 1.797101e-04
6.402609e+01 6.157485e+01 6.657434e+01 9.811010e-03 4.400453e-05 4.400453e-05 1.440148e-04 1.440148e-04 1.505877e-04 1.505877e-04
6.951006e+01 6.657434e+01 7.257381e+01 7.796683e-03 3.600315e-05 3.600315e-05 1.160102e-04 1.160102e-04 1.214685e-04 1.214685e-04
7.575457e+01 7.257381e+01 7.907333e+01 6.208458e-03 3.000222e-05 3.000222e-05 9.400695e-05 9.400695e-05 9.867847e-05 9.867847e-05
8.273909e+01 7.907333e+01 8.657287e+01 4.866302e-03 2.600161e-05 2.600161e-05 7.400460e-05 7.400460e-05 7.843956e-05 7.843956e-05
9.072414e+01 8.657287e+01 9.507243e+01 3.776195e-03 2.000103e-05 2.000103e-05 6.000310e-05 6.000310e-05 6.324882e-05 6.324882e-05
9.970971e+01 9.507243e+01 1.045720e+02 2.962127e-03 1.800077e-05 1.800077e-05 4.800206e-05 4.800206e-05 5.126622e-05 5.126622e-05
1.099353e+02 1.045720e+02 1.155716e+02 2.242079e-03 1.400050e-05 1.400050e-05 3.800134e-05 3.800134e-05 4.049834e-05 4.049834e-05
1.218994e+02 1.155716e+02 1.285713e+02 1.724250e-03 1.120032e-05 1.120032e-05 2.980086e-05 2.980086e-05 3.183612e-05 3.183612e-05
1.363381e+02 1.285713e+02 1.445709e+02 1.262429e-03 8.600198e-06 8.600198e-06 2.260052e-05 2.260052e-05 2.418154e-05 2.418154e-05
1.540142e+02 1.445709e+02 1.640705e+02 9.228167e-04 6.600119e-06 6.600119e-06 1.740031e-05 1.740031e-05 1.861001e-05 1.861001e-05
1.758964e+02 1.640705e+02 1.885702e+02 6.398089e-04 4.800067e-06 4.800067e-06 1.300018e-05 1.300018e-05 1.385804e-05 1.385804e-05
2.034830e+02 1.885702e+02 2.195699e+02 4.316045e-04 3.600037e-06 3.600037e-06 9.400097e-06 9.400097e-06 1.006589e-05 1.006589e-05
2.396547e+02 2.195699e+02 2.615696e+02 2.794021e-04 2.400018e-06 2.400018e-06 6.600049e-06 6.600049e-06 7.022872e-06 7.022872e-06
2.895754e+02 2.615696e+02 3.205693e+02 1.747609e-04 1.620008e-06 1.620008e-06 4.580024e-06 4.580024e-06 4.858091e-06 4.858091e-06
3.625746e+02 3.205693e+02 4.100690e+02 9.364031e-05 9.600031e-07 9.600031e-07 2.840009e-06 2.840009e-06 2.997875e-06 2.997875e-06
4.809553e+02 4.100690e+02 5.640687e+02 4.576009e-05 5.000009e-07 5.000009e-07 1.700003e-06 1.700003e-06 1.772008e-06 1.772008e-06
7.121585e+02 5.640687e+02 8.990684e+02 1.596001e-05 2.000002e-07 2.000002e-07 7.960007e-07 7.960007e-07 8.207419e-07 8.207419e-07
1.160963e+03 8.990684e+02 1.499068e+03 4.294001e-06 7.600002e-08 7.600002e-08 3.180001e-07 3.180001e-07 3.269558e-07 3.269558e-07
