# Data from SSDC cosmic rays database www.ssdc.asi.it 
# File generated today 20190501 
# Errors may contain statistic and systematic depending on the options set when drawing the graph 
# Fluxes are multiplied by a power of Energy (or Rigidity) if the option is set when drawing the graph 
# Horizontal errors usually are not uncertanties of the measurement but correspond to binning. See publication. 
#
# GraphTitle: Li AMS-02 PRL (2018); 2011-05-19 00:00:00.0,2016-05-26 00:00:00.0; 
# XLabel: kinetic energy (GeV/n) 
# YLabel: flux ((m^{2} s sr GeV/n)^{-1}) 
#
# Columns: X, XErrorLow, XErrorHigh, Y, YErrorLow, YErrorHigh 
4.444000e-01  0.000000e+00 0.000000e+00  7.402000e-01  2.122000e-02 2.122000e-02 
5.347000e-01  0.000000e+00 0.000000e+00  7.151000e-01  1.939000e-02 1.939000e-02 
6.370000e-01  0.000000e+00 0.000000e+00  6.712000e-01  1.774000e-02 1.774000e-02 
7.534000e-01  0.000000e+00 0.000000e+00  6.097000e-01  1.590000e-02 1.590000e-02 
8.844000e-01  0.000000e+00 0.000000e+00  5.370000e-01  1.389000e-02 1.389000e-02 
1.030000e+00  0.000000e+00 0.000000e+00  4.638000e-01  1.194000e-02 1.194000e-02 
1.192000e+00  0.000000e+00 0.000000e+00  3.982000e-01  1.022000e-02 1.022000e-02 
1.371000e+00  0.000000e+00 0.000000e+00  3.377000e-01  8.657000e-03 8.657000e-03 
1.568000e+00  0.000000e+00 0.000000e+00  2.824000e-01  7.234000e-03 7.234000e-03 
1.787000e+00  0.000000e+00 0.000000e+00  2.341000e-01  6.002000e-03 6.002000e-03 
2.028000e+00  0.000000e+00 0.000000e+00  1.930000e-01  4.955000e-03 4.955000e-03 
2.290000e+00  0.000000e+00 0.000000e+00  1.581000e-01  4.066000e-03 4.066000e-03 
2.575000e+00  0.000000e+00 0.000000e+00  1.281000e-01  3.299000e-03 3.299000e-03 
2.887000e+00  0.000000e+00 0.000000e+00  1.033000e-01  2.666000e-03 2.666000e-03 
3.224000e+00  0.000000e+00 0.000000e+00  8.327000e-02  2.155000e-03 2.155000e-03 
3.590000e+00  0.000000e+00 0.000000e+00  6.670000e-02  1.731000e-03 1.731000e-03 
3.987000e+00  0.000000e+00 0.000000e+00  5.343000e-02  1.391000e-03 1.391000e-03 
4.414000e+00  0.000000e+00 0.000000e+00  4.236000e-02  1.106000e-03 1.106000e-03 
4.882000e+00  0.000000e+00 0.000000e+00  3.399000e-02  8.900000e-04 8.900000e-04 
5.376000e+00  0.000000e+00 0.000000e+00  2.693000e-02  7.082000e-04 7.082000e-04 
5.895000e+00  0.000000e+00 0.000000e+00  2.177000e-02  5.740000e-04 5.740000e-04 
6.465000e+00  0.000000e+00 0.000000e+00  1.736000e-02  4.593000e-04 4.593000e-04 
7.085000e+00  0.000000e+00 0.000000e+00  1.368000e-02  3.631000e-04 3.631000e-04 
7.755000e+00  0.000000e+00 0.000000e+00  1.091000e-02  2.905000e-04 2.905000e-04 
8.476000e+00  0.000000e+00 0.000000e+00  8.636000e-03  2.307000e-04 2.307000e-04 
9.247000e+00  0.000000e+00 0.000000e+00  6.905000e-03  1.850000e-04 1.850000e-04 
1.007000e+01  0.000000e+00 0.000000e+00  5.507000e-03  1.480000e-04 1.480000e-04 
1.096000e+01  0.000000e+00 0.000000e+00  4.347000e-03  1.171000e-04 1.171000e-04 
1.194000e+01  0.000000e+00 0.000000e+00  3.452000e-03  9.342000e-05 9.342000e-05 
1.296000e+01  0.000000e+00 0.000000e+00  2.774000e-03  7.547000e-05 7.547000e-05 
1.405000e+01  0.000000e+00 0.000000e+00  2.183000e-03  5.974000e-05 5.974000e-05 
1.523000e+01  0.000000e+00 0.000000e+00  1.731000e-03  4.776000e-05 4.776000e-05 
1.647000e+01  0.000000e+00 0.000000e+00  1.375000e-03  3.826000e-05 3.826000e-05 
1.782000e+01  0.000000e+00 0.000000e+00  1.105000e-03  3.104000e-05 3.104000e-05 
1.927000e+01  0.000000e+00 0.000000e+00  8.811000e-04  2.503000e-05 2.503000e-05 
2.082000e+01  0.000000e+00 0.000000e+00  7.055000e-04  2.030000e-05 2.030000e-05 
2.246000e+01  0.000000e+00 0.000000e+00  5.520000e-04  1.616000e-05 1.616000e-05 
2.424000e+01  0.000000e+00 0.000000e+00  4.366000e-04  1.298000e-05 1.298000e-05 
2.614000e+01  0.000000e+00 0.000000e+00  3.546000e-04  1.074000e-05 1.074000e-05 
2.816000e+01  0.000000e+00 0.000000e+00  2.876000e-04  8.868000e-06 8.868000e-06 
3.033000e+01  0.000000e+00 0.000000e+00  2.223000e-04  7.041000e-06 7.041000e-06 
3.268000e+01  0.000000e+00 0.000000e+00  1.797000e-04  5.812000e-06 5.812000e-06 
3.520000e+01  0.000000e+00 0.000000e+00  1.398000e-04  4.676000e-06 4.676000e-06 
3.790000e+01  0.000000e+00 0.000000e+00  1.144000e-04  3.925000e-06 3.925000e-06 
4.079000e+01  0.000000e+00 0.000000e+00  9.152000e-05  3.243000e-06 3.243000e-06 
4.392000e+01  0.000000e+00 0.000000e+00  7.062000e-05  2.606000e-06 2.606000e-06 
4.729000e+01  0.000000e+00 0.000000e+00  5.706000e-05  2.181000e-06 2.181000e-06 
5.103000e+01  0.000000e+00 0.000000e+00  4.364000e-05  1.729000e-06 1.729000e-06 
5.503000e+01  0.000000e+00 0.000000e+00  3.353000e-05  1.430000e-06 1.430000e-06 
5.928000e+01  0.000000e+00 0.000000e+00  2.792000e-05  1.217000e-06 1.217000e-06 
6.402000e+01  0.000000e+00 0.000000e+00  2.312000e-05  1.037000e-06 1.037000e-06 
6.950000e+01  0.000000e+00 0.000000e+00  1.841000e-05  8.410000e-07 8.410000e-07 
7.575000e+01  0.000000e+00 0.000000e+00  1.394000e-05  6.800000e-07 6.800000e-07 
8.273000e+01  0.000000e+00 0.000000e+00  1.068000e-05  5.450000e-07 5.450000e-07 
9.072000e+01  0.000000e+00 0.000000e+00  7.719000e-06  4.237000e-07 4.237000e-07 
9.970000e+01  0.000000e+00 0.000000e+00  5.726000e-06  3.377000e-07 3.377000e-07 
1.099000e+02  0.000000e+00 0.000000e+00  4.808000e-06  2.888000e-07 2.888000e-07 
1.219000e+02  0.000000e+00 0.000000e+00  3.146000e-06  2.092000e-07 2.092000e-07 
1.363000e+02  0.000000e+00 0.000000e+00  2.307000e-06  1.612000e-07 1.612000e-07 
1.540000e+02  0.000000e+00 0.000000e+00  1.794000e-06  1.298000e-07 1.298000e-07 
1.759000e+02  0.000000e+00 0.000000e+00  1.119000e-06  9.024000e-08 9.024000e-08 
2.035000e+02  0.000000e+00 0.000000e+00  7.665000e-07  6.679000e-08 6.679000e-08 
2.396000e+02  0.000000e+00 0.000000e+00  4.442000e-07  4.235000e-08 4.235000e-08 
2.934000e+02  0.000000e+00 0.000000e+00  2.473000e-07  2.537000e-08 2.537000e-08 
3.801000e+02  0.000000e+00 0.000000e+00  1.219000e-07  1.543000e-08 1.543000e-08 
5.338000e+02  0.000000e+00 0.000000e+00  5.209000e-08  8.155000e-09 8.155000e-09 
1.035000e+03  0.000000e+00 0.000000e+00  8.386000e-09  2.483000e-09 2.483000e-09 
