# Data from SSDC cosmic rays database www.ssdc.asi.it 
# File generated today 20200603 
# Errors may contain statistic and systematic depending on the options set when drawing the graph 
# Fluxes are multiplied by a power of Energy (or Rigidity) if the option is set when drawing the graph 
# Horizontal errors usually are not uncertanties of the measurement but correspond to binning. See publication. 
#
# GraphTitle: Mg AMS-02 PRL (2020); 2011-05-19 00:00:00.0,2018-05-26 00:00:00.0; 
# XLabel: rigidity (GV) 
# YLabel: Flux#timesR^{2.7} ((m^{2} s sr GV)^{-1}#times(GV/n)^{2.7}) 
#
# Columns: X, XErrorLow, XErrorHigh, Y, YErrorLow, YErrorHigh 
2.275000e+00  0.000000e+00 0.000000e+00  2.834924e+00  1.222390e-01 1.222390e-01 
2.535000e+00  0.000000e+00 0.000000e+00  3.460490e+00  1.424918e-01 1.424918e-01 
2.820000e+00  0.000000e+00 0.000000e+00  4.094686e+00  1.634979e-01 1.634979e-01 
3.130000e+00  0.000000e+00 0.000000e+00  4.775384e+00  1.839618e-01 1.839618e-01 
3.465000e+00  0.000000e+00 0.000000e+00  5.590569e+00  2.101402e-01 2.101402e-01 
3.830000e+00  0.000000e+00 0.000000e+00  6.353851e+00  2.376501e-01 2.376501e-01 
4.225000e+00  0.000000e+00 0.000000e+00  7.156151e+00  2.605746e-01 2.605746e-01 
4.655000e+00  0.000000e+00 0.000000e+00  7.955005e+00  2.872795e-01 2.872795e-01 
5.125000e+00  0.000000e+00 0.000000e+00  8.821800e+00  3.142724e-01 3.142724e-01 
5.635000e+00  0.000000e+00 0.000000e+00  9.616236e+00  3.454296e-01 3.454296e-01 
6.185000e+00  0.000000e+00 0.000000e+00  1.027666e+01  3.685416e-01 3.685416e-01 
6.780000e+00  0.000000e+00 0.000000e+00  1.099792e+01  3.929748e-01 3.929748e-01 
7.425000e+00  0.000000e+00 0.000000e+00  1.167395e+01  4.165531e-01 4.165531e-01 
8.120000e+00  0.000000e+00 0.000000e+00  1.230201e+01  4.388370e-01 4.388370e-01 
8.870000e+00  0.000000e+00 0.000000e+00  1.285679e+01  4.585778e-01 4.585778e-01 
9.680000e+00  0.000000e+00 0.000000e+00  1.337682e+01  4.750485e-01 4.750485e-01 
1.055000e+01  0.000000e+00 0.000000e+00  1.391088e+01  4.944423e-01 4.944423e-01 
1.150000e+01  0.000000e+00 0.000000e+00  1.427534e+01  5.069402e-01 5.069402e-01 
1.250000e+01  0.000000e+00 0.000000e+00  1.466627e+01  5.247165e-01 5.247165e-01 
1.355000e+01  0.000000e+00 0.000000e+00  1.502485e+01  5.379943e-01 5.379943e-01 
1.470000e+01  0.000000e+00 0.000000e+00  1.547325e+01  5.576498e-01 5.576498e-01 
1.595000e+01  0.000000e+00 0.000000e+00  1.577660e+01  5.646447e-01 5.646447e-01 
1.730000e+01  0.000000e+00 0.000000e+00  1.602493e+01  5.726220e-01 5.726220e-01 
1.875000e+01  0.000000e+00 0.000000e+00  1.639363e+01  5.877646e-01 5.877646e-01 
2.030000e+01  0.000000e+00 0.000000e+00  1.651759e+01  5.921406e-01 5.921406e-01 
2.195000e+01  0.000000e+00 0.000000e+00  1.667987e+01  6.003811e-01 6.003811e-01 
2.375000e+01  0.000000e+00 0.000000e+00  1.688014e+01  6.065159e-01 6.065159e-01 
2.570000e+01  0.000000e+00 0.000000e+00  1.708113e+01  6.154722e-01 6.154722e-01 
2.775000e+01  0.000000e+00 0.000000e+00  1.726060e+01  6.222779e-01 6.222779e-01 
2.995000e+01  0.000000e+00 0.000000e+00  1.752710e+01  6.371835e-01 6.371835e-01 
3.230000e+01  0.000000e+00 0.000000e+00  1.767868e+01  6.386983e-01 6.386983e-01 
3.480000e+01  0.000000e+00 0.000000e+00  1.779918e+01  6.473575e-01 6.473575e-01 
3.750000e+01  0.000000e+00 0.000000e+00  1.784917e+01  6.488384e-01 6.488384e-01 
4.040000e+01  0.000000e+00 0.000000e+00  1.763645e+01  6.441974e-01 6.441974e-01 
4.350000e+01  0.000000e+00 0.000000e+00  1.811704e+01  6.662641e-01 6.662641e-01 
4.680000e+01  0.000000e+00 0.000000e+00  1.789382e+01  6.583034e-01 6.583034e-01 
5.035000e+01  0.000000e+00 0.000000e+00  1.798993e+01  6.669678e-01 6.669678e-01 
5.415000e+01  0.000000e+00 0.000000e+00  1.798783e+01  6.709307e-01 6.709307e-01 
5.820000e+01  0.000000e+00 0.000000e+00  1.803404e+01  6.739090e-01 6.739090e-01 
6.255000e+01  0.000000e+00 0.000000e+00  1.791750e+01  6.765297e-01 6.765297e-01 
6.725000e+01  0.000000e+00 0.000000e+00  1.786473e+01  6.808577e-01 6.808577e-01 
7.230000e+01  0.000000e+00 0.000000e+00  1.793429e+01  6.885213e-01 6.885213e-01 
7.770000e+01  0.000000e+00 0.000000e+00  1.739964e+01  6.712140e-01 6.712140e-01 
8.350000e+01  0.000000e+00 0.000000e+00  1.786022e+01  6.884476e-01 6.884476e-01 
8.975000e+01  0.000000e+00 0.000000e+00  1.768343e+01  6.926786e-01 6.926786e-01 
9.650000e+01  0.000000e+00 0.000000e+00  1.775705e+01  7.015990e-01 7.015990e-01 
1.040000e+02  0.000000e+00 0.000000e+00  1.737760e+01  6.923210e-01 6.923210e-01 
1.120000e+02  0.000000e+00 0.000000e+00  1.773407e+01  7.176197e-01 7.176197e-01 
1.205000e+02  0.000000e+00 0.000000e+00  1.771660e+01  7.213210e-01 7.213210e-01 
1.300000e+02  0.000000e+00 0.000000e+00  1.767463e+01  7.277149e-01 7.277149e-01 
1.410000e+02  0.000000e+00 0.000000e+00  1.737832e+01  7.186717e-01 7.186717e-01 
1.535000e+02  0.000000e+00 0.000000e+00  1.720831e+01  7.294096e-01 7.294096e-01 
1.675000e+02  0.000000e+00 0.000000e+00  1.691749e+01  7.249725e-01 7.249725e-01 
1.835000e+02  0.000000e+00 0.000000e+00  1.675279e+01  7.322572e-01 7.322572e-01 
2.015000e+02  0.000000e+00 0.000000e+00  1.707130e+01  7.715383e-01 7.715383e-01 
2.220000e+02  0.000000e+00 0.000000e+00  1.699847e+01  7.783060e-01 7.783060e-01 
2.460000e+02  0.000000e+00 0.000000e+00  1.698978e+01  7.960479e-01 7.960479e-01 
2.750000e+02  0.000000e+00 0.000000e+00  1.660242e+01  8.013913e-01 8.013913e-01 
3.105000e+02  0.000000e+00 0.000000e+00  1.737995e+01  8.586408e-01 8.586408e-01 
3.545000e+02  0.000000e+00 0.000000e+00  1.668096e+01  8.645100e-01 8.645100e-01 
4.100000e+02  0.000000e+00 0.000000e+00  1.605387e+01  8.756320e-01 8.756320e-01 
4.830000e+02  0.000000e+00 0.000000e+00  1.654884e+01  9.535761e-01 9.535761e-01 
5.925000e+02  0.000000e+00 0.000000e+00  1.863702e+01  1.112981e+00 1.112981e+00 
7.600000e+02  0.000000e+00 0.000000e+00  1.704778e+01  1.182626e+00 1.182626e+00 
1.030000e+03  0.000000e+00 0.000000e+00  1.888471e+01  1.535516e+00 1.535516e+00 
2.100000e+03  0.000000e+00 0.000000e+00  2.360157e+01  3.516720e+00 3.516720e+00 
