# Data from SSDC cosmic rays database www.ssdc.asi.it 
# File generated today 20190501 
# Errors may contain statistic and systematic depending on the options set when drawing the graph 
# Fluxes are multiplied by a power of Energy (or Rigidity) if the option is set when drawing the graph 
# Horizontal errors usually are not uncertanties of the measurement but correspond to binning. See publication. 
#
# GraphTitle: N AMS-02 PRL (2018); 2011-05-19 00:00:00.0,2016-05-26 00:00:00.0; 
# XLabel: rigidity (GV) 
# YLabel: flux ((m^{2} s sr GeV)^{-1}) 
#
# Columns: X, XErrorLow, XErrorHigh, Y, YErrorLow, YErrorHigh 
2.275000e+00  0.000000e+00 0.000000e+00  3.825000e-01  1.325267e-02 1.325267e-02 
2.535000e+00  0.000000e+00 0.000000e+00  3.757000e-01  1.232443e-02 1.232443e-02 
2.820000e+00  0.000000e+00 0.000000e+00  3.491000e-01  1.119513e-02 1.119513e-02 
3.130000e+00  0.000000e+00 0.000000e+00  3.166000e-01  9.996682e-03 9.996682e-03 
3.465000e+00  0.000000e+00 0.000000e+00  2.822000e-01  8.810909e-03 8.810909e-03 
3.830000e+00  0.000000e+00 0.000000e+00  2.441000e-01  7.565141e-03 7.565141e-03 
4.225000e+00  0.000000e+00 0.000000e+00  2.106000e-01  6.495308e-03 6.495308e-03 
4.655000e+00  0.000000e+00 0.000000e+00  1.792000e-01  5.507543e-03 5.507543e-03 
5.125000e+00  0.000000e+00 0.000000e+00  1.508000e-01  4.625732e-03 4.625732e-03 
5.635000e+00  0.000000e+00 0.000000e+00  1.260000e-01  3.861803e-03 3.861803e-03 
6.185000e+00  0.000000e+00 0.000000e+00  1.035000e-01  3.172619e-03 3.172619e-03 
6.780000e+00  0.000000e+00 0.000000e+00  8.589000e-02  2.633534e-03 2.633534e-03 
7.425000e+00  0.000000e+00 0.000000e+00  6.981000e-02  2.143046e-03 2.143046e-03 
8.120000e+00  0.000000e+00 0.000000e+00  5.711000e-02  1.755087e-03 1.755087e-03 
8.870000e+00  0.000000e+00 0.000000e+00  4.653000e-02  1.431591e-03 1.431591e-03 
9.680000e+00  0.000000e+00 0.000000e+00  3.774000e-02  1.163592e-03 1.163592e-03 
1.055000e+01  0.000000e+00 0.000000e+00  3.047000e-02  9.411568e-04 9.411568e-04 
1.150000e+01  0.000000e+00 0.000000e+00  2.471000e-02  7.646956e-04 7.646956e-04 
1.250000e+01  0.000000e+00 0.000000e+00  1.988000e-02  6.170231e-04 6.170231e-04 
1.355000e+01  0.000000e+00 0.000000e+00  1.624000e-02  5.051460e-04 5.051460e-04 
1.470000e+01  0.000000e+00 0.000000e+00  1.326000e-02  4.134664e-04 4.134664e-04 
1.595000e+01  0.000000e+00 0.000000e+00  1.072000e-02  3.352526e-04 3.352526e-04 
1.730000e+01  0.000000e+00 0.000000e+00  8.688000e-03  2.722900e-04 2.722900e-04 
1.875000e+01  0.000000e+00 0.000000e+00  6.966000e-03  2.189659e-04 2.189659e-04 
2.030000e+01  0.000000e+00 0.000000e+00  5.659000e-03  1.783555e-04 1.783555e-04 
2.195000e+01  0.000000e+00 0.000000e+00  4.627000e-03  1.461583e-04 1.461583e-04 
2.375000e+01  0.000000e+00 0.000000e+00  3.670000e-03  1.161311e-04 1.161311e-04 
2.570000e+01  0.000000e+00 0.000000e+00  2.959000e-03  9.398142e-05 9.398142e-05 
2.775000e+01  0.000000e+00 0.000000e+00  2.380000e-03  7.587737e-05 7.587737e-05 
2.995000e+01  0.000000e+00 0.000000e+00  1.940000e-03  6.205067e-05 6.205067e-05 
3.230000e+01  0.000000e+00 0.000000e+00  1.550000e-03  4.985062e-05 4.985062e-05 
3.480000e+01  0.000000e+00 0.000000e+00  1.260000e-03  4.071968e-05 4.071968e-05 
3.750000e+01  0.000000e+00 0.000000e+00  1.021000e-03  3.318765e-05 3.318765e-05 
4.040000e+01  0.000000e+00 0.000000e+00  8.116000e-04  2.658746e-05 2.658746e-05 
4.350000e+01  0.000000e+00 0.000000e+00  6.701000e-04  2.211588e-05 2.211588e-05 
4.680000e+01  0.000000e+00 0.000000e+00  5.461000e-04  1.818118e-05 1.818118e-05 
5.035000e+01  0.000000e+00 0.000000e+00  4.479000e-04  1.503270e-05 1.503270e-05 
5.415000e+01  0.000000e+00 0.000000e+00  3.473000e-04  1.181923e-05 1.181923e-05 
5.820000e+01  0.000000e+00 0.000000e+00  2.819000e-04  9.697125e-06 9.697125e-06 
6.255000e+01  0.000000e+00 0.000000e+00  2.349000e-04  8.169491e-06 8.169491e-06 
6.725000e+01  0.000000e+00 0.000000e+00  1.883000e-04  6.635219e-06 6.635219e-06 
7.230000e+01  0.000000e+00 0.000000e+00  1.484000e-04  5.325741e-06 5.325741e-06 
7.770000e+01  0.000000e+00 0.000000e+00  1.236000e-04  4.497053e-06 4.497053e-06 
8.350000e+01  0.000000e+00 0.000000e+00  1.007000e-04  3.728738e-06 3.728738e-06 
8.975000e+01  0.000000e+00 0.000000e+00  8.182000e-05  3.083891e-06 3.083891e-06 
9.650000e+01  0.000000e+00 0.000000e+00  6.503000e-05  2.507570e-06 2.507570e-06 
1.040000e+02  0.000000e+00 0.000000e+00  5.385000e-05  2.100172e-06 2.100172e-06 
1.120000e+02  0.000000e+00 0.000000e+00  4.071000e-05  1.660594e-06 1.660594e-06 
1.205000e+02  0.000000e+00 0.000000e+00  3.399000e-05  1.406167e-06 1.406167e-06 
1.300000e+02  0.000000e+00 0.000000e+00  2.743000e-05  1.161259e-06 1.161259e-06 
1.410000e+02  0.000000e+00 0.000000e+00  2.182000e-05  9.360409e-07 9.360409e-07 
1.535000e+02  0.000000e+00 0.000000e+00  1.675000e-05  7.482952e-07 7.482952e-07 
1.675000e+02  0.000000e+00 0.000000e+00  1.323000e-05  6.056850e-07 6.056850e-07 
1.835000e+02  0.000000e+00 0.000000e+00  1.010000e-05  4.801121e-07 4.801121e-07 
2.015000e+02  0.000000e+00 0.000000e+00  7.264000e-06  3.659429e-07 3.659429e-07 
2.220000e+02  0.000000e+00 0.000000e+00  6.068000e-06  3.105742e-07 3.105742e-07 
2.460000e+02  0.000000e+00 0.000000e+00  4.400000e-06  2.363612e-07 2.363612e-07 
2.750000e+02  0.000000e+00 0.000000e+00  3.352000e-06  1.851725e-07 1.851725e-07 
3.105000e+02  0.000000e+00 0.000000e+00  2.378000e-06  1.384567e-07 1.384567e-07 
3.545000e+02  0.000000e+00 0.000000e+00  1.706000e-06  1.039914e-07 1.039914e-07 
4.100000e+02  0.000000e+00 0.000000e+00  1.061000e-06  7.073459e-08 7.073459e-08 
4.830000e+02  0.000000e+00 0.000000e+00  6.952000e-07  4.934294e-08 4.934294e-08 
5.925000e+02  0.000000e+00 0.000000e+00  3.943000e-07  3.001016e-08 3.001016e-08 
7.700000e+02  0.000000e+00 0.000000e+00  2.160000e-07  1.822314e-08 1.822314e-08 
1.090000e+03  0.000000e+00 0.000000e+00  9.327000e-08  9.296085e-09 9.296085e-09 
2.300000e+03  0.000000e+00 0.000000e+00  1.646000e-08  3.101806e-09 3.101806e-09 
