# Data from SSDC cosmic rays database www.ssdc.asi.it 
# File generated today 20200603 
# Errors may contain statistic and systematic depending on the options set when drawing the graph 
# Fluxes are multiplied by a power of Energy (or Rigidity) if the option is set when drawing the graph 
# Horizontal errors usually are not uncertanties of the measurement but correspond to binning. See publication. 
#
# GraphTitle: Ne AMS-02 PRL (2020); 2011-05-19 00:00:00.0,2018-05-26 00:00:00.0; 
# XLabel: rigidity (GV) 
# YLabel: Flux#timesR^{2.7} ((m^{2} s sr GV)^{-1}#times(GV/n)^{2.7}) 
#
# Columns: X, XErrorLow, XErrorHigh, Y, YErrorLow, YErrorHigh 
2.275000e+00  0.000000e+00 0.000000e+00  2.181631e+00  1.000915e-01 1.000915e-01 
2.535000e+00  0.000000e+00 0.000000e+00  2.711210e+00  1.105153e-01 1.105153e-01 
2.820000e+00  0.000000e+00 0.000000e+00  3.278049e+00  1.257506e-01 1.257506e-01 
3.130000e+00  0.000000e+00 0.000000e+00  3.919604e+00  1.469327e-01 1.469327e-01 
3.465000e+00  0.000000e+00 0.000000e+00  4.610572e+00  1.702496e-01 1.702496e-01 
3.830000e+00  0.000000e+00 0.000000e+00  5.276100e+00  1.891086e-01 1.891086e-01 
4.225000e+00  0.000000e+00 0.000000e+00  5.922669e+00  2.118932e-01 2.118932e-01 
4.655000e+00  0.000000e+00 0.000000e+00  6.657786e+00  2.366508e-01 2.366508e-01 
5.125000e+00  0.000000e+00 0.000000e+00  7.317148e+00  2.569430e-01 2.569430e-01 
5.635000e+00  0.000000e+00 0.000000e+00  7.978025e+00  2.784301e-01 2.784301e-01 
6.185000e+00  0.000000e+00 0.000000e+00  8.668667e+00  3.016083e-01 3.016083e-01 
6.780000e+00  0.000000e+00 0.000000e+00  9.265563e+00  3.211777e-01 3.211777e-01 
7.425000e+00  0.000000e+00 0.000000e+00  9.738010e+00  3.381679e-01 3.381679e-01 
8.120000e+00  0.000000e+00 0.000000e+00  1.034546e+01  3.589611e-01 3.589611e-01 
8.870000e+00  0.000000e+00 0.000000e+00  1.093878e+01  3.791778e-01 3.791778e-01 
9.680000e+00  0.000000e+00 0.000000e+00  1.124222e+01  3.878121e-01 3.878121e-01 
1.055000e+01  0.000000e+00 0.000000e+00  1.165804e+01  4.022817e-01 4.022817e-01 
1.150000e+01  0.000000e+00 0.000000e+00  1.208251e+01  4.197682e-01 4.197682e-01 
1.250000e+01  0.000000e+00 0.000000e+00  1.225851e+01  4.246960e-01 4.246960e-01 
1.355000e+01  0.000000e+00 0.000000e+00  1.261176e+01  4.362616e-01 4.362616e-01 
1.470000e+01  0.000000e+00 0.000000e+00  1.283812e+01  4.464894e-01 4.464894e-01 
1.595000e+01  0.000000e+00 0.000000e+00  1.300456e+01  4.535304e-01 4.535304e-01 
1.730000e+01  0.000000e+00 0.000000e+00  1.337209e+01  4.673313e-01 4.673313e-01 
1.875000e+01  0.000000e+00 0.000000e+00  1.367139e+01  4.759243e-01 4.759243e-01 
2.030000e+01  0.000000e+00 0.000000e+00  1.372058e+01  4.804679e-01 4.804679e-01 
2.195000e+01  0.000000e+00 0.000000e+00  1.398781e+01  4.914709e-01 4.914709e-01 
2.375000e+01  0.000000e+00 0.000000e+00  1.429555e+01  4.981529e-01 4.981529e-01 
2.570000e+01  0.000000e+00 0.000000e+00  1.433790e+01  5.005104e-01 5.005104e-01 
2.775000e+01  0.000000e+00 0.000000e+00  1.454811e+01  5.120494e-01 5.120494e-01 
2.995000e+01  0.000000e+00 0.000000e+00  1.439760e+01  5.113097e-01 5.113097e-01 
3.230000e+01  0.000000e+00 0.000000e+00  1.456590e+01  5.196421e-01 5.196421e-01 
3.480000e+01  0.000000e+00 0.000000e+00  1.480601e+01  5.186193e-01 5.186193e-01 
3.750000e+01  0.000000e+00 0.000000e+00  1.468290e+01  5.230015e-01 5.230015e-01 
4.040000e+01  0.000000e+00 0.000000e+00  1.500174e+01  5.364172e-01 5.364172e-01 
4.350000e+01  0.000000e+00 0.000000e+00  1.504357e+01  5.395121e-01 5.395121e-01 
4.680000e+01  0.000000e+00 0.000000e+00  1.496109e+01  5.395474e-01 5.395474e-01 
5.035000e+01  0.000000e+00 0.000000e+00  1.508681e+01  5.455496e-01 5.455496e-01 
5.415000e+01  0.000000e+00 0.000000e+00  1.516404e+01  5.525195e-01 5.525195e-01 
5.820000e+01  0.000000e+00 0.000000e+00  1.504002e+01  5.529100e-01 5.529100e-01 
6.255000e+01  0.000000e+00 0.000000e+00  1.488879e+01  5.505075e-01 5.505075e-01 
6.725000e+01  0.000000e+00 0.000000e+00  1.502496e+01  5.633063e-01 5.633063e-01 
7.230000e+01  0.000000e+00 0.000000e+00  1.495222e+01  5.560396e-01 5.560396e-01 
7.770000e+01  0.000000e+00 0.000000e+00  1.506104e+01  5.712319e-01 5.712319e-01 
8.350000e+01  0.000000e+00 0.000000e+00  1.481765e+01  5.664310e-01 5.664310e-01 
8.975000e+01  0.000000e+00 0.000000e+00  1.478153e+01  5.714352e-01 5.714352e-01 
9.650000e+01  0.000000e+00 0.000000e+00  1.460627e+01  5.717466e-01 5.717466e-01 
1.040000e+02  0.000000e+00 0.000000e+00  1.456837e+01  5.745998e-01 5.745998e-01 
1.120000e+02  0.000000e+00 0.000000e+00  1.426844e+01  5.752660e-01 5.752660e-01 
1.205000e+02  0.000000e+00 0.000000e+00  1.462877e+01  5.950342e-01 5.950342e-01 
1.300000e+02  0.000000e+00 0.000000e+00  1.441005e+01  5.940964e-01 5.940964e-01 
1.410000e+02  0.000000e+00 0.000000e+00  1.478046e+01  6.090041e-01 6.090041e-01 
1.535000e+02  0.000000e+00 0.000000e+00  1.397277e+01  5.961853e-01 5.961853e-01 
1.675000e+02  0.000000e+00 0.000000e+00  1.369174e+01  5.973828e-01 5.973828e-01 
1.835000e+02  0.000000e+00 0.000000e+00  1.382914e+01  6.136329e-01 6.136329e-01 
2.015000e+02  0.000000e+00 0.000000e+00  1.398347e+01  6.342203e-01 6.342203e-01 
2.220000e+02  0.000000e+00 0.000000e+00  1.397609e+01  6.500963e-01 6.500963e-01 
2.460000e+02  0.000000e+00 0.000000e+00  1.427233e+01  6.776335e-01 6.776335e-01 
2.750000e+02  0.000000e+00 0.000000e+00  1.360203e+01  6.697186e-01 6.697186e-01 
3.105000e+02  0.000000e+00 0.000000e+00  1.414697e+01  7.125621e-01 7.125621e-01 
3.545000e+02  0.000000e+00 0.000000e+00  1.443029e+01  7.529124e-01 7.529124e-01 
4.100000e+02  0.000000e+00 0.000000e+00  1.414917e+01  7.856471e-01 7.856471e-01 
4.830000e+02  0.000000e+00 0.000000e+00  1.462537e+01  8.485023e-01 8.485023e-01 
5.925000e+02  0.000000e+00 0.000000e+00  1.435078e+01  8.817587e-01 8.817587e-01 
7.600000e+02  0.000000e+00 0.000000e+00  1.451552e+01  1.014106e+00 1.014106e+00 
1.030000e+03  0.000000e+00 0.000000e+00  1.618494e+01  1.302498e+00 1.302498e+00 
2.100000e+03  0.000000e+00 0.000000e+00  2.604665e+01  3.646320e+00 3.646320e+00 
