# Data from SSDC cosmic rays database www.ssdc.asi.it 
# File generated today 20190225 
# Errors may contain statistic and systematic depending on the options set when drawing the graph 
# Fluxes are multiplied by a power of Energy (or Rigidity) if the option is set when drawing the graph 
# Horizontal errors usually are not uncertanties of the measurement but correspond to binning. See publication. 
#
# GraphTitle: O AMS-02 PRL (2017); 2011-05-19 00:00:00.0,2016-05-26 00:00:00.0; 
# XLabel: kinetic energy (GeV/n) 
# YLabel: flux ((m^{2} s sr GeV/n)^{-1}) 
#
# Columns: X, XErrorLow, XErrorHigh, Y, YErrorLow, YErrorHigh 
4.444000e-01  0.000000e+00 0.000000e+00  3.956500e+00  1.573900e-01 1.573900e-01 
5.347000e-01  0.000000e+00 0.000000e+00  3.592200e+00  1.232900e-01 1.232900e-01 
6.370000e-01  0.000000e+00 0.000000e+00  3.223200e+00  1.030000e-01 1.030000e-01 
7.534000e-01  0.000000e+00 0.000000e+00  2.847400e+00  8.649400e-02 8.649400e-02 
8.844000e-01  0.000000e+00 0.000000e+00  2.484100e+00  7.262500e-02 7.262500e-02 
1.030000e+00  0.000000e+00 0.000000e+00  2.130800e+00  6.057100e-02 6.057100e-02 
1.192000e+00  0.000000e+00 0.000000e+00  1.815100e+00  5.056500e-02 5.056500e-02 
1.371000e+00  0.000000e+00 0.000000e+00  1.532900e+00  4.210600e-02 4.210600e-02 
1.568000e+00  0.000000e+00 0.000000e+00  1.291700e+00  3.513200e-02 3.513200e-02 
1.787000e+00  0.000000e+00 0.000000e+00  1.081100e+00  2.921900e-02 2.921900e-02 
2.028000e+00  0.000000e+00 0.000000e+00  8.997300e-01  2.422800e-02 2.422800e-02 
2.290000e+00  0.000000e+00 0.000000e+00  7.462300e-01  2.006100e-02 2.006100e-02 
2.575000e+00  0.000000e+00 0.000000e+00  6.156700e-01  1.654400e-02 1.654400e-02 
2.887000e+00  0.000000e+00 0.000000e+00  5.056400e-01  1.359500e-02 1.359500e-02 
3.224000e+00  0.000000e+00 0.000000e+00  4.170600e-01  1.122600e-02 1.122600e-02 
3.590000e+00  0.000000e+00 0.000000e+00  3.428200e-01  9.241600e-03 9.241600e-03 
3.987000e+00  0.000000e+00 0.000000e+00  2.811100e-01  7.591600e-03 7.591600e-03 
4.414000e+00  0.000000e+00 0.000000e+00  2.297900e-01  6.217600e-03 6.217600e-03 
4.882000e+00  0.000000e+00 0.000000e+00  1.881600e-01  5.101000e-03 5.101000e-03 
5.376000e+00  0.000000e+00 0.000000e+00  1.551200e-01  4.214600e-03 4.214600e-03 
5.895000e+00  0.000000e+00 0.000000e+00  1.279300e-01  3.482800e-03 3.482800e-03 
6.465000e+00  0.000000e+00 0.000000e+00  1.044300e-01  2.848900e-03 2.848900e-03 
7.085000e+00  0.000000e+00 0.000000e+00  8.635500e-02  2.361000e-03 2.361000e-03 
7.755000e+00  0.000000e+00 0.000000e+00  7.077300e-02  1.939400e-03 1.939400e-03 
8.476000e+00  0.000000e+00 0.000000e+00  5.821000e-02  1.599000e-03 1.599000e-03 
9.247000e+00  0.000000e+00 0.000000e+00  4.782800e-02  1.317000e-03 1.317000e-03 
1.007000e+01  0.000000e+00 0.000000e+00  3.923800e-02  1.083200e-03 1.083200e-03 
1.096000e+01  0.000000e+00 0.000000e+00  3.236300e-02  8.956000e-04 8.956000e-04 
1.194000e+01  0.000000e+00 0.000000e+00  2.644400e-02  7.340500e-04 7.340500e-04 
1.296000e+01  0.000000e+00 0.000000e+00  2.167800e-02  6.037000e-04 6.037000e-04 
1.405000e+01  0.000000e+00 0.000000e+00  1.788800e-02  4.998100e-04 4.998100e-04 
1.523000e+01  0.000000e+00 0.000000e+00  1.475300e-02  4.138600e-04 4.138600e-04 
1.647000e+01  0.000000e+00 0.000000e+00  1.215400e-02  3.423300e-04 3.423300e-04 
1.782000e+01  0.000000e+00 0.000000e+00  9.993400e-03  2.827500e-04 2.827500e-04 
1.927000e+01  0.000000e+00 0.000000e+00  8.167600e-03  2.322700e-04 2.322700e-04 
2.082000e+01  0.000000e+00 0.000000e+00  6.752700e-03  1.930600e-04 1.930600e-04 
2.246000e+01  0.000000e+00 0.000000e+00  5.571500e-03  1.602100e-04 1.602100e-04 
2.424000e+01  0.000000e+00 0.000000e+00  4.631900e-03  1.339700e-04 1.339700e-04 
2.614000e+01  0.000000e+00 0.000000e+00  3.819900e-03  1.112200e-04 1.112200e-04 
2.816000e+01  0.000000e+00 0.000000e+00  3.116400e-03  9.136900e-05 9.136900e-05 
3.033000e+01  0.000000e+00 0.000000e+00  2.581900e-03  7.624600e-05 7.624600e-05 
3.268000e+01  0.000000e+00 0.000000e+00  2.128400e-03  6.331900e-05 6.331900e-05 
3.520000e+01  0.000000e+00 0.000000e+00  1.722700e-03  5.170200e-05 5.170200e-05 
3.790000e+01  0.000000e+00 0.000000e+00  1.432500e-03  4.334900e-05 4.334900e-05 
4.079000e+01  0.000000e+00 0.000000e+00  1.186900e-03  3.623800e-05 3.623800e-05 
4.392000e+01  0.000000e+00 0.000000e+00  9.646700e-04  2.973700e-05 2.973700e-05 
4.729000e+01  0.000000e+00 0.000000e+00  7.886100e-04  2.455800e-05 2.455800e-05 
5.103000e+01  0.000000e+00 0.000000e+00  6.483000e-04  2.036000e-05 2.036000e-05 
5.503000e+01  0.000000e+00 0.000000e+00  5.352600e-04  1.704600e-05 1.704600e-05 
5.928000e+01  0.000000e+00 0.000000e+00  4.365300e-04  1.404500e-05 1.404500e-05 
6.402000e+01  0.000000e+00 0.000000e+00  3.563300e-04  1.159800e-05 1.159800e-05 
6.950000e+01  0.000000e+00 0.000000e+00  2.899100e-04  9.521800e-06 9.521800e-06 
7.575000e+01  0.000000e+00 0.000000e+00  2.243400e-04  7.502400e-06 7.502400e-06 
8.273000e+01  0.000000e+00 0.000000e+00  1.781000e-04  6.044200e-06 6.044200e-06 
9.072000e+01  0.000000e+00 0.000000e+00  1.407400e-04  4.861600e-06 4.861600e-06 
9.970000e+01  0.000000e+00 0.000000e+00  1.116000e-04  3.934000e-06 3.934000e-06 
1.099000e+02  0.000000e+00 0.000000e+00  8.378300e-05  3.025100e-06 3.025100e-06 
1.219000e+02  0.000000e+00 0.000000e+00  6.339600e-05  2.346900e-06 2.346900e-06 
1.363000e+02  0.000000e+00 0.000000e+00  4.739900e-05  1.802100e-06 1.802100e-06 
1.540000e+02  0.000000e+00 0.000000e+00  3.408600e-05  1.343800e-06 1.343800e-06 
1.759000e+02  0.000000e+00 0.000000e+00  2.445500e-05  1.004800e-06 1.004800e-06 
2.035000e+02  0.000000e+00 0.000000e+00  1.644700e-05  7.158200e-07 7.158200e-07 
2.396000e+02  0.000000e+00 0.000000e+00  1.051200e-05  4.916400e-07 4.916400e-07 
2.896000e+02  0.000000e+00 0.000000e+00  6.243800e-06  3.224600e-07 3.224600e-07 
3.626000e+02  0.000000e+00 0.000000e+00  3.499900e-06  2.057900e-07 2.057900e-07 
4.809000e+02  0.000000e+00 0.000000e+00  1.734900e-06  1.216100e-07 1.216100e-07 
7.121000e+02  0.000000e+00 0.000000e+00  6.588500e-07  6.306500e-08 6.306500e-08 
1.161000e+03  0.000000e+00 0.000000e+00  1.931800e-07  2.587200e-08 2.587200e-08 
