# Data from SSDC cosmic rays database www.ssdc.asi.it 
# File generated today 20200603 
# Errors may contain statistic and systematic depending on the options set when drawing the graph 
# Fluxes are multiplied by a power of Energy (or Rigidity) if the option is set when drawing the graph 
# Horizontal errors usually are not uncertanties of the measurement but correspond to binning. See publication. 
#
# GraphTitle: Si AMS-02 PRL (2020); 2011-05-19 00:00:00.0,2018-05-26 00:00:00.0; 
# XLabel: rigidity (GV) 
# YLabel: Flux#timesR^{2.7} ((m^{2} s sr GV)^{-1}#times(GV/n)^{2.7}) 
#
# Columns: X, XErrorLow, XErrorHigh, Y, YErrorLow, YErrorHigh 
2.275000e+00  0.000000e+00 0.000000e+00  1.998525e+00  1.275403e-01 1.275403e-01 
2.535000e+00  0.000000e+00 0.000000e+00  2.479525e+00  1.178572e-01 1.178572e-01 
2.820000e+00  0.000000e+00 0.000000e+00  3.000360e+00  1.257506e-01 1.257506e-01 
3.130000e+00  0.000000e+00 0.000000e+00  3.560307e+00  1.447708e-01 1.447708e-01 
3.465000e+00  0.000000e+00 0.000000e+00  4.166421e+00  1.642353e-01 1.642353e-01 
3.830000e+00  0.000000e+00 0.000000e+00  4.742857e+00  1.849618e-01 1.849618e-01 
4.225000e+00  0.000000e+00 0.000000e+00  5.310823e+00  2.016383e-01 2.016383e-01 
4.655000e+00  0.000000e+00 0.000000e+00  5.960213e+00  2.269643e-01 2.269643e-01 
5.125000e+00  0.000000e+00 0.000000e+00  6.518239e+00  2.461128e-01 2.461128e-01 
5.635000e+00  0.000000e+00 0.000000e+00  7.069446e+00  2.654977e-01 2.654977e-01 
6.185000e+00  0.000000e+00 0.000000e+00  7.746876e+00  2.904290e-01 2.904290e-01 
6.780000e+00  0.000000e+00 0.000000e+00  8.286176e+00  3.103483e-01 3.103483e-01 
7.425000e+00  0.000000e+00 0.000000e+00  8.921462e+00  3.334852e-01 3.334852e-01 
8.120000e+00  0.000000e+00 0.000000e+00  9.285777e+00  3.473057e-01 3.473057e-01 
8.870000e+00  0.000000e+00 0.000000e+00  9.851070e+00  3.679878e-01 3.679878e-01 
9.680000e+00  0.000000e+00 0.000000e+00  1.031494e+01  3.832480e-01 3.832480e-01 
1.055000e+01  0.000000e+00 0.000000e+00  1.076616e+01  4.016559e-01 4.016559e-01 
1.150000e+01  0.000000e+00 0.000000e+00  1.113228e+01  4.189400e-01 4.189400e-01 
1.250000e+01  0.000000e+00 0.000000e+00  1.153527e+01  4.337757e-01 4.337757e-01 
1.355000e+01  0.000000e+00 0.000000e+00  1.190605e+01  4.475493e-01 4.475493e-01 
1.470000e+01  0.000000e+00 0.000000e+00  1.212757e+01  4.547408e-01 4.547408e-01 
1.595000e+01  0.000000e+00 0.000000e+00  1.243883e+01  4.673004e-01 4.673004e-01 
1.730000e+01  0.000000e+00 0.000000e+00  1.267861e+01  4.757341e-01 4.757341e-01 
1.875000e+01  0.000000e+00 0.000000e+00  1.295458e+01  4.863555e-01 4.863555e-01 
2.030000e+01  0.000000e+00 0.000000e+00  1.327645e+01  5.000792e-01 5.000792e-01 
2.195000e+01  0.000000e+00 0.000000e+00  1.339748e+01  5.038862e-01 5.038862e-01 
2.375000e+01  0.000000e+00 0.000000e+00  1.358595e+01  5.135071e-01 5.135071e-01 
2.570000e+01  0.000000e+00 0.000000e+00  1.391487e+01  5.258077e-01 5.258077e-01 
2.775000e+01  0.000000e+00 0.000000e+00  1.418539e+01  5.353780e-01 5.353780e-01 
2.995000e+01  0.000000e+00 0.000000e+00  1.440729e+01  5.495370e-01 5.495370e-01 
3.230000e+01  0.000000e+00 0.000000e+00  1.462530e+01  5.547216e-01 5.547216e-01 
3.480000e+01  0.000000e+00 0.000000e+00  1.470430e+01  5.614277e-01 5.614277e-01 
3.750000e+01  0.000000e+00 0.000000e+00  1.501535e+01  5.735705e-01 5.735705e-01 
4.040000e+01  0.000000e+00 0.000000e+00  1.497131e+01  5.725652e-01 5.725652e-01 
4.350000e+01  0.000000e+00 0.000000e+00  1.507807e+01  5.809559e-01 5.809559e-01 
4.680000e+01  0.000000e+00 0.000000e+00  1.544287e+01  5.969253e-01 5.969253e-01 
5.035000e+01  0.000000e+00 0.000000e+00  1.556344e+01  6.038162e-01 6.038162e-01 
5.415000e+01  0.000000e+00 0.000000e+00  1.555717e+01  6.093158e-01 6.093158e-01 
5.820000e+01  0.000000e+00 0.000000e+00  1.516234e+01  5.977316e-01 5.977316e-01 
6.255000e+01  0.000000e+00 0.000000e+00  1.574504e+01  6.201870e-01 6.201870e-01 
6.725000e+01  0.000000e+00 0.000000e+00  1.560152e+01  6.206609e-01 6.206609e-01 
7.230000e+01  0.000000e+00 0.000000e+00  1.562188e+01  6.286762e-01 6.286762e-01 
7.770000e+01  0.000000e+00 0.000000e+00  1.565840e+01  6.310230e-01 6.310230e-01 
8.350000e+01  0.000000e+00 0.000000e+00  1.582258e+01  6.396444e-01 6.396444e-01 
8.975000e+01  0.000000e+00 0.000000e+00  1.586575e+01  6.521086e-01 6.521086e-01 
9.650000e+01  0.000000e+00 0.000000e+00  1.520631e+01  6.330337e-01 6.330337e-01 
1.040000e+02  0.000000e+00 0.000000e+00  1.598695e+01  6.669819e-01 6.669819e-01 
1.120000e+02  0.000000e+00 0.000000e+00  1.524400e+01  6.499648e-01 6.499648e-01 
1.205000e+02  0.000000e+00 0.000000e+00  1.587554e+01  6.839959e-01 6.839959e-01 
1.300000e+02  0.000000e+00 0.000000e+00  1.560366e+01  6.775758e-01 6.775758e-01 
1.410000e+02  0.000000e+00 0.000000e+00  1.491385e+01  6.564745e-01 6.564745e-01 
1.535000e+02  0.000000e+00 0.000000e+00  1.545073e+01  6.867291e-01 6.867291e-01 
1.675000e+02  0.000000e+00 0.000000e+00  1.583550e+01  7.111596e-01 7.111596e-01 
1.835000e+02  0.000000e+00 0.000000e+00  1.551088e+01  7.144425e-01 7.144425e-01 
2.015000e+02  0.000000e+00 0.000000e+00  1.530754e+01  7.256847e-01 7.256847e-01 
2.220000e+02  0.000000e+00 0.000000e+00  1.488475e+01  7.263369e-01 7.263369e-01 
2.460000e+02  0.000000e+00 0.000000e+00  1.597073e+01  7.897435e-01 7.897435e-01 
2.750000e+02  0.000000e+00 0.000000e+00  1.506752e+01  7.705564e-01 7.705564e-01 
3.105000e+02  0.000000e+00 0.000000e+00  1.475717e+01  7.841176e-01 7.841176e-01 
3.545000e+02  0.000000e+00 0.000000e+00  1.500444e+01  8.253566e-01 8.253566e-01 
4.100000e+02  0.000000e+00 0.000000e+00  1.572508e+01  9.001700e-01 9.001700e-01 
4.830000e+02  0.000000e+00 0.000000e+00  1.481772e+01  9.079692e-01 9.079692e-01 
5.925000e+02  0.000000e+00 0.000000e+00  1.622275e+01  1.032169e+00 1.032169e+00 
7.600000e+02  0.000000e+00 0.000000e+00  1.639372e+01  1.182626e+00 1.182626e+00 
1.030000e+03  0.000000e+00 0.000000e+00  1.562590e+01  1.354762e+00 1.354762e+00 
2.100000e+03  0.000000e+00 0.000000e+00  1.865541e+01  3.115517e+00 3.115517e+00 
