  2  4 55 62 43 43 24 20 Barashenkov and Polanski 1Neutrons,2Protons,3Pi-,4Pi+     Cross Sections (Elastic and nonelastic)
    1   H,   D,  He,  Li,  Be,  C,   N,   O,   Na,  Al,  S,  Ca,  Ti,  Fe,  Cu,  Br,  Mo,  Cd,  Sn,  Ba,  W,   Pb,  U,   Cf      0    1    H,  D,   He, Li,  Be,  C,    N,   O,  Na,  Al,   S,  Ca,  Ti,  Fe,  Cu,  Br,  Mo,  Cd,  Sn,  Ba,  W,  Pb,  U,    Cf    
   10  940  860 1400 1230  900  525  620  660  640  700  900 1100 1330 1550 1710 2075 2390 2570 2690 3000 2725 2510 3070 3240    0   10    0  157    0  680  790  720  750  886 1020 1120 1198 1320 1360 1525 1615 1740 1820 2020 2080 2250 2550 2720 2910 2970
   11  850  780 1300 1150  890  560  670  690  655  710  880 1050 1225 1450 1625 2025 2370 2550 2650 2975 2670 2620 2962 3100    0   11    0  167    0  660  760  690  710  845  995 1060 1182 1300 1330 1501 1594 1725 1810 2000 2055 2225 2500 2685 2875 2940
   12  790  730 1209 1050  870  640  760  790  660  720  840  980 1150 1300 1480 1950 2360 2520 2635 2950 2700 2740 2958 3100    0   12    0  181    1  637  715  660  683  820  975 1040 1165 1280 1302 1487 1578 1710 1800 1985 2035 2200 2465 2637 2840 2915
   13  730  660 1120  965  860  720  800  836  665  725  830  940 1100 1200 1395 1850 2340 2490 2600 2930 2755 2840 3000 3150    0   13    0  189    2  617  680  630  680  795  950 1020 1142 1265 1285 1467 1565 1690 1790 1970 2005 2180 2425 2600 2815 2892
   14  673  597 1048  900  848  767  850  875  670  715  820  925 1060 1130 1310 1710 2300 2475 2567 2910 2855 2910 3050 3200    0   14    0  186    3  590  650  600  660  770  925 1010 1120 1240 1263 1445 1547 1670 1775 1950 1985 2160 2400 2565 2790 2870
   15  640  565  987  845  827  810  908  930  700  740  835  887 1020 1057 1235 1630 2225 2440 2520 2850 2950 3020 3140 3330    0   15    0  195    5  570  630  580  641  740  905  990 1100 1225 1241 1428 1533 1650 1765 1924 1960 2150 2375 2537 2770 2850
   16  604  530  935  810  808  860  957  977  735  782  845  890 1000 1030 1162 1540 2145 2385 2485 2800 3020 3090 3235 3430    0   16    0  198    7  540  615  560  613  720  892  975 1092 1200 1228 1412 1518 1625 1750 1900 1940 2135 2355 2520 2735 2835
   17  570  490  890  770  785  898  991 1005  780  820  865  900  980 1015 1095 1440 2060 2290 2380 2735 3070 3200 3350 3580    0   17    0  200   10  520  605  542  593  700  870  950 1070 1180 1215 1390 1498 1600 1740 1880 1920 2120 2340 2502 2707 2810
   18  536  462  847  740  771  924  992 1015  820  865  895  915  975  997 1080 1380 1990 2201 2300 2640 3083 3300 3470 3685    0   18    0  203   13  510  594  521  578  675  854  935 1050 1165 1200 1368 1480 1580 1720 1867 1907 2100 2315 2480 2680 2780
   19  505  438  803  720  760  945  993 1034  850  905  925  950  970  993 1055 1325 1895 2107 2205 2525 3070 3337 3620 3805    0   19    0  204   17  494  580  505  565  655  837  920 1030 1140 1187 1347 1458 1560 1700 1843 1893 2080 2285 2462 2665 2755
   20  475  414  755  692  745  945  994 1049  870  925  950  975  980  998 1045 1300 1810 2020 2120 2410 3050 3340 3690 3915    0   20    0  205   20  488  570  490  557  633  822  905 1014 1125 1172 1325 1445 1540 1680 1825 1880 2060 2265 2447 2645 2735
   22  408  365  665  630  715  940  992 1042  935  965 1007 1060 1000 1020 1030 1280 1660 1880 1950 2195 2935 3290 3722 3935    0   22    0  195   35  468  550  472  535  608  790  875  980 1090 1144 1290 1407 1500 1640 1795 1830 2025 2240 2420 2618 2702
   25  359  317  585  565  680  930  988 1037 1020 1045 1075 1185 1060 1080 1100 1295 1480 1660 1750 1975 2730 3120 3575 3770    0   25    0  182   55  435  520  460  517  575  750  825  924 1045 1118 1245 1363 1460 1580 1745 1780 1970 2185 2380 2580 2675
   27  330  290  530  522  665  900  975 1015 1045 1090 1147 1270 1120 1145 1160 1300 1410 1560 1615 1855 2590 2960 3470 3650    0   27    0  169   70  418  495  445  500  555  725  800  896 1020 1090 1215 1330 1430 1550 1720 1755 1935 2163 2347 2550 2650
   30  310  257  480  475  630  860  945  996 1060 1138 1220 1370 1220 1235 1245 1340 1335 1450 1528 1785 2383 2690 3245 3470    0   30    0  158   80  395  470  430  480  530  686  762  853  980 1050 1180 1280 1400 1510 1675 1717 1880 2127 2290 2515 2605
   33  282  230  451  437  605  838  917  987 1080 1162 1300 1400 1270 1300 1330 1345 1355 1430 1530 1730 2120 2545 3045 3270    0   33    0  145   84  380  455  420  470  515  643  725  815  950 1016 1145 1235 1364 1455 1630 1675 1830 2100 2245 2475 2560
   35  258  218  410  410  573  813  890  976 1095 1180 1333 1440 1320 1335 1350 1390 1370 1480 1575 1720 2050 2370 2900 3150    0   35    0  135   90  360  430  415  462  505  625  690  782  925  996 1110 1209 1335 1427 1592 1645 1800 2070 2215 2440 2520
   37  238  200  385  397  550  777  866  958 1075 1180 1340 1462 1365 1430 1445 1457 1397 1575 1660 1760 1985 2294 2730 3005    0   37    0  126   95  343  410  401  451  485  603  670  760  900  976 1080 1181 1308 1403 1565 1610 1770 2045 2186 2415 2490
   40  211  184  335  364  522  730  825  928 1043 1183 1330 1480 1430 1480 1510 1543 1500 1670 1790 1910 1960 2220 2600 2812    0   40    0  120  105  328  385  385  430  467  580  652  730  865  946 1045 1145 1269 1368 1520 1570 1725 2010 2155 2380 2450
   45  182  168  275  335  465  670  765  855 1005 1175 1307 1455 1470 1540 1605 1717 1730 1870 1970 2053 1955 2170 2480 2640    0   45    0  109  115  293  350  354  410  445  543  610  683  812  905  995 1080 1200 1320 1455 1500 1670 1945 2108 2313 2395
   50  159  154  242  299  423  610  703  787  960 1140 1232 1410 1450 1585 1710 1840 1900 2010 2092 2192 1980 2185 2450 2590    0   50    0   94  115  268  320  330  387  420  513  570  643  770  868  946 1010 1155 1280 1410 1455 1610 1900 2060 2260 2346
   55  140  143  216  277  390  557  646  722  913 1083 1165 1365 1415 1607 1750 1910 2003 2108 2212 2320 2065 2290 2515 2650    0   55    0   86  107  247  295  313  364  398  473  532  610  720  831  914  960 1110 1240 1360 1413 1575 1850 2020 2225 2310
   60  129  129  195  255  360  505  590  660  861 1027 1100 1300 1370 1595 1735 1910 2090 2200 2290 2405 2180 2400 2610 2800    0   60    0   80  100  226  270  295  340  375  458  506  584  680  800  885  922 1077 1200 1330 1370 1540 1820 1980 2200 2281
   65  115  119  175  232  319  468  545  620  806  947 1030 1240 1313 1530 1685 1863 2125 2250 2350 2427 2275 2503 2730 2940    0   65    0   74   95  210  255  282  325  360  445  488  565  660  782  860  892 1052 1178 1300 1340 1510 1790 1960 2170 2252
   70  111  107  159  215  290  430  495  580  770  870  973 1165 1260 1455 1640 1795 2123 2270 2360 2430 2405 2617 2900 3090    0   70    0   70   90  195  240  270  310  345  435  480  547  640  760  835  863 1030 1155 1275 1320 1490 1760 1940 2140 2222
   80   92   90  134  194  245  349  400  496  659  756  901 1030 1130 1310 1485 1680 2015 2185 2290 2365 2610 2840 3110 3260    0   80    0   57   86  176  210  255  290  320  414  456  532  620  730  800  835  990 1140 1255 1290 1460 1730 1900 2080 2180
   90   82   73  108  166  216  290  332  410  563  636  827  885  980 1160 1320 1530 1860 2002 2122 2240 2640 2840 3140 3275    0   90    0   42   84  157  190  240  280  310  390  444  513  615  715  780  820  975 1110 1235 1275 1430 1720 1870 2060 2138
  100   73   51   84  143  180  247  276  345  480  540  744  740  835 1025 1160 1365 1640 1805 1930 2085 2520 2760 3040 3200    0  100    0   35   84  155  185  228  276  300  380  432  490  600  705  765  810  960 1110 1225 1260 1415 1680 1840 2040 2120
  120   60   42   54  112  132  174  188  247  348  396  480  560  625  760  870 1065 1275 1440 1520 1695 2120 2300 2600 2730    0  120    0   33   82  149  178  221  267  291  369  423  477  580  685  742  793  935 1080 1192 1236 1385 1665 1810 1993 2078
  140   52   36   40   91  100  134  143  174  254  300  360  425  470  565  680  845  995 1140 1195 1355 1720 1860 2140 2261    0  140    0   33   80  145  175  216  259  284  362  418  468  565  668  724  780  913 1050 1178 1217 1366 1660 1790 1960 2057
  150   50   34   36   80   87  120  127  150  222  258  310  380  420  500  594  750  875 1010 1075 1240 1540 1680 1955 2075    0  150    0   33   80  143  173  214  255  281  359  416  465  557  660  715  774  905 1040 1170 1212 1358 1657 1780 1952 2049
  160   47   33   34   73   80  110  114  133  191  222  273  330  385  430  515  680  750  900  975 1130 1390 1520 1760 1890    0  160    0   33   80  142  172  212  252  278  356  413  462  552  652  710  770  897 1037 1163 1205 1350 1653 1773 1940 2040
  180   43   30   30   61   65   93  101  112  168  190  230  265  325  360  440  580  605  745  790  940 1140 1240 1490 1595    0  180    0   33   80  142  171  210  247  274  354  410  459  545  643  705  763  880 1025 1154 1203 1340 1650 1757 1923 2030
  200   41   27   28   53   60   84   92  102  154  174  207  240  310  330  400  540  540  625  680  795 1020 1130 1320 1420    0  200    0   33   79  142  170  208  245  272  350  407  457  541  632  700  760  870 1020 1145 1197 1332 1645 1750 1912 2020
  250   37   23   26   42   55   72   86   92  134  157  200  234  290  313  382  535  525  592  620  750  935 1125 1260 1305    0  250    0   33   78  138  170  208  240  270  350  400  449  536  620  700  758  865 1020 1140 1190 1325 1640 1740 1890 2020
  300   35   20   26   44   55   70   84   90  134  157  197  243  298  320  382  535  530  600  630  765  963 1125 1255 1307    0  300    0   33   80  138  170  210  240  271  350  402  450  530  620  700  758  865 1020 1140 1190 1325 1642 1745 1890 2020
  350   33   20   25   46   58   73   87   97  140  164  202  247  304  322  387  536  541  610  647  775  975 1125 1260 1323    0  350    0   33   84  139  172  214  244  275  356  404  452  540  620  707  765  872 1022 1144 1200 1330 1645 1748 1902 2027
  400   32   20   25   48   62   78   91  105  144  174  210  250  308  326  392  537  557  620  662  785  995 1132 1270 1337    0  400    1   34   88  144  176  216  250  280  364  408  457  550  625  716  770  890 1026 1153 1210 1345 1648 1756 1921 2038
  500   31   22   26   53   68   86   99  116  154  192  223  260  325  340  405  545  583  642  693  810 1040 1149 1280 1362    0  500    3   35   94  150  184  228  260  290  384  424  475  570  650  735  795  920 1060 1180 1255 1370 1659 1785 1950 2060
  600   30   24   28   59   72   92  107  128  168  206  234  275  340  360  427  550  600  665  715  830 1055 1157 1310 1380    0  600    7   35  100  156  194  240  268  294  392  438  487  595  670  750  810  943 1085 1213 1285 1400 1680 1815 1985 2100
  700   29   25   30   63   77   98  113  140  189  224  248  295  353  368  440  560  615  685  735  850 1070 1165 1335 1408    0  700    8   35  105  164  200  248  275  304  400  448  498  610  680  765  825  960 1100 1240 1315 1420 1710 1835 2010 2117
  800   28   26   32   65   78  102  120  149  200  238  265  315  368  388  455  570  630  695  747  865 1082 1170 1350 1437    0  800   11   37  108  168  209  254  280  310  408  450  504  615  687  775  830  970 1110 1250 1317 1430 1730 1860 2040 2140
  900   27   26   35   66   79  103  123  155  212  254  280  330  378  405  465  575  640  700  760  880 1097 1177 1365 1450    0  900   14   39  108  173  213  257  285  315  415  454  508  620  695  780  840  980 1120 1260 1322 1435 1740 1890 2070 2165
 1000   26   27   38   66   80  104  125  161  212  264  290  343  390  422  480  595  653  715  770  885 1107 1205 1385 1480    0 1000   15   40  108  173  214  260  290  318  417  456  511  622  697  786  848  990 1127 1265 1325 1440 1750 1895 2080 2185
 1500   22   26   39   66   86  122  134  166  252  269  300  361  410  444  519  636  705  780  847  945 1182 1335 1477 1543    0 1500   21   59  112  176  217  262  297  332  429  472  533  635  715  807  865 1000 1143 1272 1328 1462 1780 1920 2090 2175
 2000   19   25   38   65   88  128  138  169  256  274  305  372  418  455  540  645  737  820  886  967 1235 1405 1527 1577    0 2000   24   68  114  177  216  262  300  335  431  480  538  640  720  813  872 1005 1153 1275 1333 1473 1780 1920 2095 2185
 3000   14   22   35   60   88  128  138  168  244  270  300  370  410  445  528  635  723  810  877  952 1215 1385 1507 1549    0 3000   28   70  114  178  213  255  295  328  421  466  525  622  712  810  870 1000 1131 1250 1300 1444 1750 1890 2080 2178
 5000   11   21   32   52   80  112  124  154  221  245  285  353  395  440  512  616  711  793  865  924 1195 1358 1477 1520    0 5000   29   67  112  176  210  252  292  321  414  456  511  609  705  779  845  985 1100 1224 1257 1430 1740 1850 2063 2168
 7000   10   21   31   50   74  100  111  137  205  228  262  338  385  437  508  608  700  780  855  910 1175 1335 1440 1489    0 7000   30   66  110  174  210  252  288  318  409  452  507  602  695  762  828  975 1085 1222 1255 1425 1735 1835 2060 2150
10000   10   20   30   49   67   92  101  127  189  224  255  332  375  434  505  604  697  767  845  898 1170 1325 1425 1472    010000   30   65  108  174  210  250  286  316  405  448  502  592  690  746  810  965 1080 1220 1253 1420 1710 1830 2050 2135
20000    8   17   26   47   57   80   94  117  180  208  250  305  350  405  467  570  650  725  795  865 1125 1190 1370 1440    020000   30   65  106  171  209  249  284  314  403  444  498  587  680  735  805  960 1075 1205 1240 1412 1695 1813 2030 2110
50000    7   15   25   45   55   76   88  110  168  192  245  280  345  393  435  542  620  680  740  825 1050 1140 1330 1430    050000   31   66  104  170  208  248  282  314  400  440  493  580  675  720  795  955 1070 1190 1240 1405 1680 1809 2005 2090
  100    7   14   25   43   54   76   88  111  168  192  242  281  342  390  435  535  620  680  740  825 1050 1140 1330 1430    0  100   32   66  101  170  209  250  282  315  400  440  493  580  675  720  795  955 1070 1190 1240 1400 1680 1816 2005 2090
  500    7   15   28   45   56   80   90  112  176  202  253  292  356  390  459  562  644  703  763  846 1078 1166 1358 1459    0  500   33   69  105  179  216  257  292  324  412  453  504  593  684  720  810  972 1088 1207 1259 1417 1706 1856 2029 2113
 1000    7   16   29   47   59   83   94  115  183  208  256  301  367  419  466  571  658  718  781  866 1092 1179 1370 1464    0 1000   35   70  107  183  221  260  295  329  418  457  510  600  691  741  817  980 1096 1219 1270 1421 1714 1863 2039 2113
    2   H,   D,  He,  Li,  Be,  C,   N,   O,   Na,  Al,   S,  Ca,  Ti,  Fe,  Cu,  Br,  Mo,  Cd,  Sn,  Ba,  W,   Pb,  U,   Cf     0    1    H,  D,   He, Li,  Be,  C,    N,   O,  Na,  Al,   S,  Ca,  Ti,  Fe,  Cu,  Br,  Mo,  Cd,  Sn,  Ba,  W,  Pb,   U,   Cf    
    1 2235 1100  370  525  240   60   80  150  150  110   70   13    5    1    0    0    0    0    0    0    0    0    0    0    0    1    0   17    0  350  200   12   37  127  250  350  300  120   25   12    3    0    0    0    0    0    0    0    0    0
    2 1100 1060 2614  615  406  115  107  180  170  136  110   25   10    5    0    0    0    0    0    0    0    0    0    0    0    2    0   37    0  430  320   17   40  137  260  365  330  190   60   25    7    0    0    0    0    0    0    0    0    0
    3  760 1010 3085  662  512  157  150  220  190  169  145   50   50   20   10    0    0    0    0    0    0    0    0    0    0    3    0   50    0  460  420   22   50  150  287  383  367  260  100   37   15    0    0    0    0    0    0    0    0    0
    5  541  910 2176  733  664  255  295  300  245  230  216  160  100   40   30    0    0    0    0    0    0    0    0    0    0    5    0   88    0  495  510   48  100  200  350  450  465  390  265  200  120   45   10    0    0    0    0    0    0    0
    7  425  850 1758  760  747  330  407  410  285  285  290  405  400  320  240  120   10    3    0    0    0    0    0    0    0    7    0  120    0  500  560   97  167  272  417  520  555  600  590  540  570  555  480  410  365  250   30    0    0    0
    8  398  815 1635  764  787  375  450  450  320  323  340  480  460  436  425  280  100   17    3    0    0    0    0    0    0    8    0  130    0  502  565  120  220  315  445  547  610  665  675  660  700  710  600  550  512  357  140   35    0    0
    9  357  775 1485  768  814  425  490  490  350  367  380  550  550  547  525  420  210   70   50    2    0    0    0    0    0    9    0  131    0  503  570  156  250  350  483  580  642  705  740  750  780  790  740  670  615  495  240  130   10    1
   10  314  745 1372  765  830  470  537  530  380  400  380  585  620  632  605  620  447  225  165   20    1    1    1    1    0   10    0  125    0  504  580  210  290  377  507  607  657  743  795  825  820  850  817  765  715  605  340  240  100   50
   11  286  703 1283  755  828  520  602  595  403  440  450  623  633  682  655  710  604  412  352  197   20    5    2    2    0   11    0  127    0  512  580  260  325  411  540  640  705  775  845  857  890  920  910  855  835  710  540  350  200  160
   12  272  673 1174  750  823  560  655  635  443  475  480  658  670  700  680  760  727  578  513  404   70   30    3    3    0   12    0  130    0  515  581  305  350  430  560  657  717  794  873  910  930  980  980  925  915  830  715  460  370  270
   13  257  632 1100  740  817  610  720  685  475  530  500  695  685  720  690  840  821  728  656  591  141   80   15    4    0   13    0  140    1  520  581  350  380  450  593  680  738  820  910  940  985 1035 1055 1030 1023  915  830  625  540  370
   14  230  579 1025  730  807  645  765  723  505  570  530  712  700  737  700  900  910  834  780  761  329  148   75   12    0   14    0  147    2  526  582  395  403  470  608  687  750  833  925  985 1025 1090 1100 1080 1115 1040  900  735  660  490
   15  216  550  945  710  790  680  805  753  540  615  570  740  720  750  740  960  962  937  915  897  505  200  131   50    0   15    0  150    3  517  580  430  430  496  630  700  762  845  956 1010 1060 1135 1160 1170 1170 1160 1020  880  750  640
   16  201  517  887  700  773  725  835  800  580  650  610  760  737  776  775 1000 1000 1030 1065 1010  640  330  321  183    0   16    0  153    4  507  574  450  450  508  640  715  772  850  978 1027 1095 1200 1215 1205 1250 1223 1130  980  950  720
   17  188  478  838  682  762  775  860  850  625  685  640  790  750  785  800 1040 1050 1100 1155 1135  819  500  510  377    0   17    0  156    7  490  567  473  470  525  655  722  785  860  995 1050 1130 1225 1260 1250 1305 1330 1240 1165 1100  850
   18  175  451  790  670  742  810  870  870  660  727  670  817  770  800  822 1065 1100 1160 1240 1235  920  668  684  555    0   18    0  158   11  479  559  478  485  535  665  737  795  870 1010 1065 1150 1240 1310 1310 1360 1430 1340 1320 1220  965
   19  168  428  745  660  727  840  880  900  698  765  710  840  800  818  840 1080 1140 1230 1280 1340 1017  879  854  730    0   19    0  160   15  463  548  475  492  542  678  747  805  886 1023 1070 1175 1270 1350 1360 1430 1460 1440 1420 1280 1055
   20  162  406  702  650  717  860  890  920  730  793  735  870  825  832  849 1100 1195 1280 1330 1400 1112 1058  996  898    0   20    0  158   19  460  543  470  503  550  680  750  815  900 1028 1090 1185 1290 1380 1420 1465 1495 1560 1515 1410 1130
   22  143  358  633  607  688  875  900  945  810  857  785  935  870  867  900 1117 1275 1375 1388 1490 1305 1290 1250 1160    0   22    0  155   24  440  525  450  500  537  680  762  820  925 1030 1115 1210 1330 1440 1520 1505 1580 1670 1620 1560 1260
   25  118  312  560  548  655  867  903  955  900  950  900 1030  960  920  965 1122 1250 1400 1440 1590 1500 1500 1680 1535    0   25    0  150   47  415  495  435  485  532  680  750  830  935 1025 1120 1240 1340 1470 1575 1610 1660 1760 1750 1715 1435
   27  106  285  509  495  632  845  895  960  940 1010  980 1110 1001  960 1000 1125 1250 1380 1380 1580 1620 1690 1860 1850    0   27    0  145   63  392  470  430  470  520  670  740  827  920 1040 1115 1230 1330 1450 1560 1610 1680 1830 1800 1790 1585
   30   96  253  462  453  600  812  890  957  980 1055 1033 1170 1020  995 1080 1160 1240 1360 1340 1520 1710 1800 2000 2150    0   30    0  140   72  377  450  420  460  500  650  720  800  895  980 1080 1205 1305 1410 1518 1550 1665 1850 1915 1900 1775
   33   89  226  436  417  575  790  868  940 1027 1100 1210 1255 1120 1110 1140 1200 1245 1310 1350 1510 1710 1865 2170 2425    0   33    0  127   77  363  435  410  452  489  611  689  767  863  955 1052 1166 1260 1360 1460 1535 1635 1860 1960 1950 1865
   35   81  208  397  392  550  770  846  922 1035 1113 1250 1320 1175 1160 1164 1240 1240 1335 1380 1500 1705 1874 2197 2465    0   35    0  119   84  344  412  405  446  482  592  658  748  840  939 1025 1130 1240 1340 1420 1500 1610 1870 1995 2000 1950
   37   75  196  373  372  530  735  825  910 1020 1122 1263 1360 1235 1225 1217 1293 1267 1405 1427 1528 1719 1882 2143 2409    0   37    0  112   89  328  396  391  437  465  571  644  721  823  925  992 1102 1205 1318 1413 1470 1593 1855 2000 1985 2010
   40   70  181  325  349  503  702  796  878 1001 1132 1262 1365 1302 1286 1312 1403 1365 1484 1586 1623 1725 1843 2098 2335    0   40    0  107  100  307  375  375  417  449  557  618  695  800  895  960 1060 1165 1280 1385 1448 1560 1840 1960 1970 2060
   45   61  165  268  319  446  647  741  826  949 1129 1229 1359 1363 1394 1442 1567 1585 1685 1799 1767 1755 1846 2068 2267    0   45    0   99  110  280  341  345  398  429  522  580  650  750  860  910 1000 1120 1230 1347 1398 1535 1780 1910 1930 2058
   50   55  151  236  292  407  592  682  759  909 1099 1165 1325 1356 1458 1556 1722 1760 1830 1949 1915 1767 1890 2107 2242    0   50    0   88  111  256  311  321  375  406  488  544  608  715  825  880  940 1055 1180 1310 1352 1500 1760 1850 1905 2034
   55   49  139  210  267  370  542  630  693  859 1046 1105 1289 1329 1479 1632 1787 1890 1943 2046 2035 1852 1995 2154 2367    0   55    0   82  103  236  287  304  353  385  453  510  579  672  790  840  896 1030 1140 1262 1311 1460 1740 1815 1903 2020
   60   46  127  190  244  340  493  576  640  826  993 1042 1251 1292 1477 1610 1798 1978 2020 2172 2131 1982 2158 2263 2474    0   60    0   77   97  216  262  286  329  363  440  486  555  640  760  820  860  999 1100 1227 1272 1430 1700 1770 1901 1995
   65   42  117  170  224  306  458  533  602  771  918  982 1187 1231 1425 1579 1743 2021 2079 2228 2195 2065 2283 2449 2632    0   65    0   70   92  200  248  273  314  349  428  469  530  622  740  789  830  963 1090 1198 1243 1390 1675 1750 1900 1985
   70   38  105  155  209  284  422  485  562  732  845  936 1124 1178 1356 1540 1687 2015 2115 2255 2194 2188 2363 2639 2813    0   70    0   65   88  188  233  261  300  334  413  460  520  605  720  767  820  945 1080 1168 1223 1375 1650 1730 1899 1975
   80   32   89  131  189  240  341  391  479  639  734  824 1001 1051 1224 1418 1588 1927 2055 2189 2143 2404 2614 2861 2985    0   80    0   56   83  171  204  248  280  310  401  440  505  594  690  732  785  917 1065 1170 1192 1345 1610 1722 1897 1965
   90   30   72  106  162  211  282  324  400  552  616  726  863  931 1087 1274 1457 1762 1876 2015 2052 2446 2627 2908 3041    0   90    0   46   82  152  184  233  271  301  378  429  487  588  685  720  773  915 1050 1143 1185 1337 1600 1718 1895 1960
  100   28   50   82  139  176  238  269  334  467  525  624  717  804  975 1110 1295 1555 1710 1824 1945 2360 2583 2845 2992    0  100    0   33   82  151  179  221  268  291  368  418  474  582  678  732  772  910 1040 1145 1170 1315 1570 1718 1893 1958
  120   25   41   52  109  129  167  183  238  341  386  467  546  617  746  846 1031 1215 1378 1456 1582 1958 2165 2434 2548    0  120    0   32   80  146  173  215  256  284  360  414  464  567  680  700  750  880 1010 1120 1160 1305 1580 1680 1840 1912
  140   23   35   39   89   98  129  140  167  248  294  351  410  464  552  662  818  955 1088 1148 1255 1612 1758 1998 2123    0  140    0   31   78  143  171  211  255  279  356  412  458  556  645  675  730  870 1005 1093 1165 1303 1578 1680 1815 1892
  150   22   33   35   79   85  117  124  145  217  254  304  373  415  486  576  725  830  968 1037 1142 1452 1587 1832 1930    0  150    0   32   78  141  170  210  251  277  354  411  457  547  640  680  725  855 1000 1097 1160 1302 1580 1675 1800 1881
  160   23   31   33   72   78  108  112  129  188  219  269  325  381  423  495  649  730  860  938 1041 1306 1440 1649 1755    0  160    0   32   78  140  170  209  249  275  352  409  455  544  625  682  720  855  990 1095 1140 1300 1575 1675 1790 1880
  180   23   28   29   60   64   92  100  110  166  188  227  261  321  354  429  570  592  711  764  874 1078 1177 1399 1467    0  180    0   32   78  141  169  208  245  272  351  406  453  535  615  683  720  840  982 1093 1140 1275 1570 1650 1790 1891
  200   23   26   28   53   59   83   92  102  153  172  206  239  306  325  390  535  524  597  658  762  979 1075 1249 1320    0  200    0   32   77  141  169  206  243  270  347  401  452  533  600  685  730  830  980 1090 1140 1270 1565 1640 1760 1875
  250   23   23   26   42   55   72   86   92  133  156  200  233  287  309  373  492  514  575  601  723  899 1073 1196 1234    0  250    0   33   77  138  169  207  240  270  348  395  444  531  600  685  733  830  975 1085 1140 1265 1567 1640 1770 1880
  300   23   20   26   44   55   70   84   90  134  157  197  243  296  316  374  492  521  584  612  739  929 1076 1194 1239    0  300    0   33   80  138  170  210  240  271  348  398  447  526  600  688  740  840  985 1090 1140 1270 1575 1645 1775 1890
  350   23   20   25   46   58   72   87   97  140  164  202  246  305  319  390  502  533  597  633  753  947 1084 1204 1254    0  350    0   33   84  139  172  214  244  275  354  401  450  537  605  700  747  856  992 1099 1155 1280 1585 1658 1821 1877
  400   24   20   25   48   62   78   91  105  144  174  210  249  306  324  386  510  550  610  650  773  975 1100 1220 1282    0  400    1   34   88  144  176  216  250  280  363  407  456  548  610  712  755  874 1000 1113 1175 1300 1595 1676 1841 1910
  500   25   22   26   53   68   86   99  116  154  192  223  259  324  339  400  522  577  633  684  794 1024 1121 1235 1317    0  500    3   35   94  150  184  228  260  290  384  421  474  569  644  725  780  905 1037 1145 1220 1330 1619 1720 1865 1960
  600   26   24   28   59   72   92  107  128  168  206  234  275  339  357  423  534  595  657  717  819 1041 1133 1270 1347    0  600    6   35  100  156  194  240  268  294  392  437  487  594  664  742  800  933 1065 1183 1255 1365 1641 1765 1920 2013
  700   27   25   30   63   77   98  113  140  189  224  248  295  350  366  437  556  609  678  735  856 1058 1145 1305 1375    0  700    9   35  105  164  200  248  275  304  400  448  500  610  677  757  818  953 1085 1215 1290 1390 1675 1793 1945 2047
  800   26   26   32   65   79  102  120  149  200  238  265  315  368  387  453  563  635  689  741  873 1071 1154 1327 1414    0  800   11   37  108  168  209  254  280  310  408  450  504  615  686  770  825  965 1095 1230 1297 1405 1700 1823 1995 2080
  900   26   26   35   66   77  103  123  155  212  254  280  330  375  405  464  575  638  695  755  873 1088 1165 1351 1434    0  900   14   39  108  173  213  257  285  315  415  454  508  620  695  778  833  976 1108 1250 1305 1413 1713 1857 2032 2115
 1000   26   27   38   66   80  104  125  161  212  264  290  343  390  422  480  595  650  711  766  880 1101 1198 1377 1471    0 1000   15   40  108  173  214  260  290  318  417  456  511  622  697  785  845  981 1115 1250 1307 1420 1725 1865 2045 2140
 1500   22   26   39   66   86  122  134  166  252  269  300  361  410  444  519  636  703  777  844  941 1177 1328 1470 1535    0 1500   21   59  112  176  217  262  297  332  429  472  533  635  715  807  863  995 1133 1260 1325 1445 1757 1891 2067 2132
 2000   19   25   38   65   88  128  138  169  256  274  305  372  418  455  540  645  736  818  884  964 1231 1399 1521 1570    0 2000   24   68  114  177  216  262  300  335  431  480  538  640  720  813  871 1003 1146 1268 1323 1455 1759 1892 2063 2143
 3000   14   22   35   60   88  128  138  168  244  270  300  370  410  445  528  635  723  809  876  950 1212 1380 1502 1543    0 3000   28   70  114  178  213  255  295  328  421  466  525  622  712  810  874 1000 1129 1244 1293 1437 1731 1863 2050 2138
 5000   11   21   32   52   80  112  124  154  221  245  285  353  395  440  512  616  711  793  865  923 1193 1354 1473 1515    0 5000   29   67  112  176  210  252  292  321  414  456  511  609  705  779  845  985 1100 1219 1251 1433 1723 1824 2034 2129
 7000   10   21   31   50   74  100  111  137  205  228  262  338  385  437  508  608  700  780  855  910 1174 1332 1437 1485    0 7000   30   66  110  174  210  252  288  318  409  452  507  602  695  762  828  975 1085 1217 1250 1429 1719 1810 2032 2122
10000   10   20   30   49   67   94  101  127  189  224  255  333  375  434  505  604  690  759  845  894 1163 1323 1423 1469    010000   30   65  109  174  210  250  286  316  405  448  502  592  690  746  810  965 1080 1216 1248 1420 1696 1806 2023 2108
20000    8   17   26   47   57   80   88  117  180  202  250  305  350  405  467  570  650  725  795  864 1125 1190 1370 1440    020000   30   65  106  171  209  249  284  314  403  444  498  587  680  735  805  960 1075 1213 1237 1405 1694 1798 2012 2082
50000    7   15   25   45   55   76   88  110  168  192  245  280  345  390  435  545  620  680  740  825 1050 1140 1330 1430    050000   30   66  104  170  208  248  282  314  400  440  493  580  675  720  795  955 1070 1190 1240 1411 1679 1807 2003 2087
  100    7   14   25   43   54   76   88  111  168  192  242  280  342  390  435  535  620  680  740  825 1050 1140 1330 1430    0  100   30   66  101  170  209  250  282  315  400  440  493  580  675  720  795  955 1070 1190 1240 1402 1680 1816 2005 2090
  500    7   15   28   45   56   80   90  112  176  202  253  292  356  390  459  562  644  703  763  846 1078 1166 1358 1459    0  500   30   69  105  179  216  257  292  324  412  453  504  593  684  720  810  972 1088 1207 1259 1417 1706 1856 2029 2113
 1000    7   16   29   47   59   83   94  115  183  208  256  301  367  419  466  571  658  718  781  866 1092 1179 1370 1464    0 1000   30   70  107  183  221  260  295  329  418  457  510  600  691  741  817  980 1096 1219 1270 1421 1714 1863 2039 2119
    3   He,  Be,  C,   N,   O,  Na,  Al,  Ca,  Ti,  Fe,  Cu,  Br,  Mo,  Cd,  Sn,  Ba,  W,   Pb,  U,   Cf     0   3    He,  Be,  C,   N,   O,  Na,  Al,  Ca,  Ti,  Fe,  Cu,  Br, Mo,  Cd,  Sn,  Ba,  W,   Pb,  U,    Ñf
   20   22   60   76   91   90  175  232  330  560  550  675 1080 1505 1950 2035 2530 3750 4315 5340 5823    0   20   18   90  128  155  190  275  300  470  540  625  725  810  925 1050 1025 1120 1450 1575 1740 1804
   40   32   84  100  120  153  230  277  430  590  638  760 1125 1485 1831 1850 2230 3165 3675 4610 5053    0   40   38  126  160  188  207  315  360  550  620  725  840  990 1125 1350 1275 1520 1850 2025 2220 2284
   50   39  101  121  144  177  261  307  525  625  699  807 1140 1450 1830 1730 2085 2925 3310 4150 4577    0   50   50  151  192  222  253  364  427  585  715  817  930 1087 1250 1420 1440 1680 2100 2300 2500 2558
   60   46  117  142  168  200  292  337  620  660  760  855 1155 1415 1650 1595 1910 2625 3005 3710 4046    0   60   62  177  224  256  300  413  495  620  810  910 1020 1185 1375 1650 1625 1880 2350 2575 2820 2899
   70   50  137  172  199  232  328  364  610  687  765  871 1160 1380 1580 1515 1760 2350 2700 3320 3609    0   70   80  208  269  308  360  479  580  740  890 1045 1110 1280 1500 1800 1740 2040 2550 2850 3080 3118
   80   54  156  202  230  265  365  392  600  715  770  888 1150 1340 1430 1480 1660 2150 2480 2980 3194    0   80   98  240  315  360  420  545  665  860  970 1180 1200 1350 1600 1980 1800 2140 2700 3000 3300 3387
   90   63  178  222  252  288  383  420  608  715  773  897 1140 1285 1400 1410 1600 1955 2285 2680 2821    0   90  117  280  351  408  460  582  712  907 1017 1227 1247 1410 1680 2070 1880 2200 2825 3115 3420 3514
  100   72  200  242  273  312  400  457  615  715  775  905 1115 1220 1330 1340 1550 1825 2120 2340 2373    0  100  136  320  388  456  500  620  750  955 1065 1275 1295 1450 1750 2120 1920 2250 2900 3180 3500 3609
  110   86  210  253  284  316  407  461  618  725  783  913 1090 1210 1325 1315 1520 1787 2070 2290 2328    0  110  156  350  409  492  520  640  757  967 1070 1262 1297 1475 1760 2105 1950 2260 2875 3130 3460 3586
  120  100  220  264  288  321  415  465  620  735  790  920 1065 1200 1320 1290 1490 1750 2020 2240 2283    0  120  176  380  430  512  540  660  765  980 1075 1250 1300 1500 1770 2090 1980 2270 2850 3080 3420 3563
  130  110  223  266  295  320  416  463  620  725  782  914 1050 1195 1310 1285 1485 1745 2010 2215 2250    0  130  188  400  438  526  545  665  757  970 1067 1225 1283 1492 1750 2070 1950 2235 2800 3005 3375 3549
  140  120  225  266  296  320  417  460  620  715  775  908 1035 1190 1300 1280 1480 1740 2000 2190 2216    0  140  200  410  444  526  550  670  750  960 1060 1200 1267 1485 1730 2050 1920 2200 2750 2930 3330 3535
  150  120  228  266  297  321  417  452  617  710  755  897 1028 1185 1300 1275 1460 1732 1975 2160 2190    0  150  209  414  445  520  546  666  740  940 1047 1175 1253 1462 1695 2015 1885 2180 2690 2865 3265 3472
  160  121  230  266  292  323  418  444  615  705  736  885 1020 1180 1300 1270 1440 1725 1950 2130 2164    0  160  212  410  440  505  542  662  730  920 1035 1150 1240 1440 1660 1980 1850 2160 2630 2800 3200 3409
  170  120  230  262  287  319  415  438  615  703  735  874 1005 1160 1290 1270 1432 1729 1940 2115 2151    0  170  210  400  432  491  531  646  715  890 1007 1125 1226 1417 1620 1950 1830 2115 2576 2735 3130 3340
  180  120  228  260  293  315  412  433  615  700  734  862  990 1140 1280 1270 1425 1730 1930 2100 2137    0  180  208  387  416  475  520  630  700  860  980 1100 1213 1395 1580 1920 1810 2070 2525 2670 3060 3272
  190  118  229  254  286  312  408  434  610  680  733  849  985 1105 1285 1320 1430 1728 1890 2075 2138    0  190  204  371  408  462  505  611  680  840  960 1070 1194 1362 1540 1875 1765 2005 2462 2610 3000 3211
  200  114  216  248  278  310  394  435  605  660  733  837  980 1070 1290 1370 1415 1725 1850 2050 2138    0  200  196  360  400  450  490  593  660  820  940 1040 1175 1330 1500 1830 1720 1960 2400 2550 2940 3150
  220  112  207  236  265  295  373  423  595  640  725  825  935 1050 1280 1270 1400 1740 1830 1960 2014    0  220  176  333  380  425  460  570  615  780  900  995 1125 1275 1450 1770 1650 1880 2300 2450 2850 3067
  240   96  192  230  258  284  360  410  571  623  721  833  774 1052 1248 1259 1359 1644 1821 1932 1937    0  240  164  312  354  396  443  544  591  756  867  945 1059 1224 1346 1704 1585 1812 2226 2400 2758 2936
  250   93  189  229  248  273  365  400  555  635  710  813  785 1035 1230 1250 1345 1630 1800 1920 1935    0  250  157  298  337  386  427  520  570  740  825  925 1042 1200 1330 1670 1560 1775 2200 2370 2710 2077
  260   90  185  228  239  265  347  394  547  605  697  796  796 1018 1210 1238 1327 1606 1779 1906 1924    0  260  150  285  320  376  415  518  567  725  835  905 1022 1176 1314 1636 1538 1746 2174 2340 2662 2818
  280   82  175  214  224  253  337  383  541  587  673  758  882  984 1170 1214 1291 1558 1737 1879 1906    0  280  134  260  304  360  387  491  544  695  803  865  986 1128 1282 1568 1494 1688 2122 2280 2566 2701
  300   72  163  201  216  240  325  370  535  570  649  720  840  950 1130 1190 1255 1510 1695 1853 1888    0  300  124  237  288  340  360  465  520  665  770  825  950 1080 1250 1500 1450 1630 2070 2220 2470 2582
  350   47  124  162  180  198  280  317  446  500  570  630  750  860 1065 1032 1160 1450 1540 1750 1859    0  350   97  216  264  300  339  420  490  637  720  810  900 1035 1190 1435 1330 1540 1880 2110 2380 2474
  400   35   96  130  148  172  240  280  385  445  489  570  680  786  975  940 1065 1340 1470 1620 1672    0  400   90  198  246  282  321  410  470  615  690  780  860 1000 1140 1350 1290 1470 1770 2000 2250 2330
  450   27   71  102  123  154  215  260  348  410  465  530  635  725  890  870  995 1240 1340 1540 1639    0  450   85  187  240  270  314  395  450  600  675  760  840  970 1100 1300 1245 1425 1715 1920 2160 2244
  500   26   54   90  108  129  195  227  325  370  437  485  590  693  870  840  960 1180 1270 1470 1573    0  500   82  182  233  265  312  390  448  590  670  745  830  960 1075 1230 1210 1385 1680 1880 2080 2138
  550   26   50   78  102  125  185  221  315  370  422  483  590  683  840  830  940 1172 1270 1450 1535    0  550   83  180  232  265  313  395  449  590  668  740  832  960 1075 1220 1205 1375 1680 1850 2040 2103
  600   24   51   79  102  122  175  215  305  370  419  480  590  674  820  820  925 1165 1270 1420 1482    0  600   86  182  234  268  314  400  450  590  665  740  835  960 1075 1235 1200 1380 1680 1800 2045 2167
  700   24   57   81  102  124  175  220  300  370  422  490  593  680  820  825  921 1200 1280 1420 1485    0  700   93  187  238  273  319  410  450  600  670  740  840  960 1070 1235 1200 1385 1685 1805 2047 2167
  800   26   64   87  108  125  177  221  300  370  428  495  595  690  820  835  930 1210 1290 1425 1486    0  800   97  193  246  280  324  418  452  608  680  750  850  970 1088 1235 1205 1390 1690 1810 2050 2168
  900   28   68   90  102  132  180  222  305  375  430  500  600  694  830  865  940 1215 1300 1440 1508    0  900  100  202  252  288  328  420  456  610  685  760  860  975 1095 1237 1205 1395 1700 1820 2055 2170
 1000   33   69   92  109  133  188  222  307  375  432  500  605  698  845  870  950 1220 1320 1455 1508    0 1000  102  207  256  288  330  422  460  615  690  765  865  985 1110 1240 1230 1400 1720 1840 2060 2164
 2000   27   71   90  108  132  184  210  305  355  412  465  575  655  840  770  930 1165 1270 1430 1499    0 2000   83  179  220  256  300  372  408  550  610  690  785  905 1035 1160 1130 1305 1635 1800 2010 2089
 3000   19   58   80  100  110  176  182  270  340  375  450  552  640  780  710  885 1100 1210 1380 1454    0 3000   77  172  210  237  275  348  392  525  600  660  735  873 1005 1120 1085 1265 1560 1720 1980 2095
 5000   12   50   70   84  100  164  170  230  305  340  423  520  590  745  680  845 1050 1180 1320 1365    0 5000   75  165  198  226  250  330  376  510  585  635  705  835  940 1090 1060 1235 1530 1640 1830 1917
10000   11   46   63   73   85  138  164  217  290  330  390  495  575  705  675  815 1030 1130 1260 1310    010000   74  159  187  218  240  320  356  488  560  615  680  810  917 1065 1000 1195 1460 1620 1780 1826
20000   11   39   62   67   83  135  160  212  270  325  385  490  570  680  660  795 1020 1140 1250 1278    020000   72  155  183  208  229  310  347  470  550  600  650  780  880 1040  985 1170 1440 1570 1735 1797
50000   11   34   61   66   82  135  157  210  270  320  380  485  565  680  650  790 1015 1125 1245 1284    050000   72  154  176  202  225  294  338  450  535  585  630  765  860 1020  975 1150 1410 1530 1710 1786
  100   11   32   60   66   81  135  156  210  270  320  380  482  565  680  650  785 1010 1110 1240 1290    0  100   72  154  174  202  222  292  332  450  530  585  630  763  860 1015  970 1150 1410 1530 1700 1769
  500   11   32   60   66   81  135  156  210  270  320  380  482  565  680  650  785 1010 1110 1240 1290    0  500   72  154  174  202  222  292  332  450  530  585  630  763  860 1015  970 1150 1410 1530 1700 1769
 1000   11   32   60   66   81  135  156  210  270  320  380  482  565  680  650  785 1010 1110 1240 1290    0 1000   72  154  174  202  222  292  332  450  530  585  630  763  860 1015  970 1150 1410 1530 1700 1769
    4   He,  Be,  C,   N,   O,  Na,  Al,  Ca,  Ti,  Fe,  Cu,  Br,  Mo,  Cd,  Sn,  Ba,  W,   Pb,  U,   Ñf     0    4   He,  Be,  C,   N,   O,  Na,  Al,  Ca,  Ti,  Fe,  Cu,  Br,  Mo,  Cd,  Sn,  Ba,  W,   Pb,  U,   Cf  
   20   22   36   46   60   70   95  105  115  117  120  125  130  140  150  145  152  220  167  151  141    0   20   18   60   94   90  100  115  120  160  193  210  230  245  270  315  310  320  330  348  334  317
   40   32   55   60   72   95  110  112  130  145  165  180  185  190  210  200  220  220  233  240  240    0   40   38   95  132  140  145  210  238  315  365  410  425  480  540  590  580  640  680  707  720  718
   50   39   68   85   96   23  150  168  160  223  234  235  290  373  320  290  410  510  460  560  650    0   50   50  118  158  174  292  275  314  407  487  558  602  680  757  880  880  960  990 1040 1020  986
   60   46   80  110  120  150  190  225  290  300  303  340  395  555  540  640  700  850  750 1140 1452    0   60   62  142  184  208  240  340  390  500  610  707  780  880  975 1220 1060 1280 1500 1650 1560 1437
   70   50  103  139  162  190  245  280  370  390  397  471  710  780  710  850  910 1170 1170 1450 1644    0   70   80  168  222  252  290  417  500  622  725  858  904 1030 1140 1460 1270 1550 1850 2100 2100 1999
   80   54  126  168  200  230  300  335  450  480  490  605  820  915  900 1000 1060 1270 1350 1750 1995    0   80   98  194  260  300  340  495  610  745  840 1010 1025 1140 1285 1580 1400 1680 2150 2400 2300 2129
   90   63  147  196  227  250  337  372  510  565  601  695  900  985 1030 1070 1170 1400 1470 1770 1950    0   90  117  228  315  363  405  540  661  807  902 1067 1090 1200 1400 1700 1530 1800 2250 2580 2550 2395
  100   72  168  224  254  270  375  410  570  650  712  785  915 1040 1115 1110 1230 1475 1500 1720 1863    0  100  136  262  370  426  470  585  712  870  965 1125 1155 1275 1480 1770 1610 1870 2300 2640 2700 2604
  110   86  182  239  268  285  390  425  575  655  719  798  918 1043  937 1135 1255 1500 1555 1730 1829    0  110  156  290  389  467  494  607  723  887  982 1137 1172 1312 1517 1990 1635 1895 2325 2645 2790 2761
  120  100  195  254  272  300  405  440  580  660  725  820  920 1045 1160 1160 1280 1525 1610 1740 1796    0  120  176  319  408  490  518  630  735  905 1000 1150 1190 1350 1555 1810 1660 1920 2350 2650 2880 2918
  130  110  200  258  277  300  405  439  578  658  720  820  925 1048 1165 1160 1285 1514 1645 1760 1786    0  130  188  345  420  504  524  637  727  902  997 1125 1190 1355 1567 1810 1670 1925 2340 2585 2880 2985
  140  120  204  259  278  300  405  437  575  655  720  820  930 1050 1170 1160 1290 1500 1680 1780 1776    0  140  200  361  426  504  530  645  720  900  995 1100 1190 1360 1580 1810 1680 1930 2330 2520 2880 3053
  150  120  210  260  279  300  404  431  575  647  700  810  930 1050 1170 1160 1300 1475 1675 1800 1806    0  150  209  364  428  500  526  641  711  880  985 1085 1185 1340 1552 1805 1660 1910 2355 2465 2820 3022
  160  121  210  260  276  300  403  425  575  640  681  800  930 1050 1170 1160 1310 1470 1670 1820 1844    0  160  212  364  424  487  522  637  703  860  975 1070 1180 1320 1525 1800 1640 1890 2280 2410 2760 2950
  170  120  210  256  274  298  402  429  575  637  681  800  915  970 1165 1160 1290 1470 1665 1815 1841    0  170  210  354  416  474  513  621  679  835  955 1040 1152 1305 1552 1765 1620 1872 2255 2370 2710 2900
  180  120  202  256  280  295  402  433  575  635  681  800  900 1000 1160 1160 1270 1470 1660 1810 1837    0  180  208  350  400  460  505  605  655  810  935 1010 1125 1290 1470 1730 1600 1855 2230 2330 2660 2849
  190  118  205  250  275  291  394  421  570  633  678  798  895  980 1160 1160 1263 1420 1655 1865 1816    0  190  204  330  393  448  491  588  645  790  907  985 1112 1260 1415 1705 1580 1822 2215 2290 2605 2794 
  200  114  203  244  269  288  385  410  565  630  676  795  890  960 1160 1160 1255 1430 1650 1800 1815    0  200  196  319  386  437  477  572  635  770  880  960 1100 1230 1360 1680 1560 1790 2200 2250 2550 2738
  220  112  192  232  259  277  368  398  555  620  670  780  845  945 1160 1140 1250 1430 1620 1785 1822    0  220  176  298  366  413  448  550  590  740  840  920 1050 1215 1340 1630 1500 1725 2120 2190 2510 2704
  240   96  182  227  252  270  356  389  538  605  650  739  832  925 1098 1137 1215 1424 1616 1783 1821    0  240  164  280  340  381  430  526  569  724  815  812 1020 1140 1284 1556 1450 1678 2126 2156 2462 2662
  250   93  178  226  243  263  360  385  535  600  675  730  830  930 1090 1130 1205 1420 1600 1757 1794    0  250  157  269  324  373  412  505  550  710  780  775 1000 1120 1255 1530 1430 1650 2130 2130 2430 2638
  260   90  174  225  235  257  344  382  532  582  664  721  826  921 1082 1128 1187 1414 1584 1739 1778    0  260  150  258  308  365  404  502  547  696  788  776  980 1100 1236 1504 1410 1624 2084 2104 2398 2594
  280   82  161  210  219  286  331  374  526  559  640  703  818  907 1066 1124 1181 1402 1552 1703 1747    0  280  134  237  294  350  337  478  526  668  761  778  940 1060 1198 1452 1370 1572 1992 2052 2334 2506
  300   72  151  194  211  235  318  365  520  545  616  685  810  893 1050 1120 1165 1390 1520 1668 1718    0  300  124  216  280  330  350  455  505  640  735  780  900 1020 1160 1400 1330 1520 1900 2000 2270 2417
  350   47  114  159  175  195  275  312  433  490  545  620  725  825 1000  972 1080 1290 1440 1625 1692    0  350   97  200  257  292  330  410  475  617  690  760  870  985 1120 1335 1280 1445 1780 1930 2130 2208
  400   35   78  128  143  167  235  275  375  435  469  565  660  767  935  900 1010 1220 1316 1513 1610    0  400   90  198  241  276  316  401  455  595  665  750  835  960 1085 1270 1230 1390 1670 1870 2060 2111
  450   27   65  100  118  148  210  252  338  395  450  525  620  716  870  835  950 1205 1280 1450 1537    0  450   85  183  236  267  310  388  438  585  660  740  815  940 1060 1210 1200 1350 1635 1830 2000 2039
  500   26   50   88  105  136  192  220  320  360  428  480  580  674  840  805  925 1130 1220 1372 1441    0  500   82  182  231  263  308  383  440  575  655  720  810  930 1045 1180 1180 1325 1600 1790 1970 2018
  550   26   50   78  100  136  182  214  311  360  413  478  580  670  820  802  905 1122 1220 1360 1418    0  550   83  180  232  264  309  388  442  575  653  725  812  931 1045 1190 1175 1330 1603 1770 1950 2007
  600   24   51   79  101  136  172  207  302  360  409  475  580  665  800  800  890 1115 1220 1345 1390    0  600   86  182  234  267  311  393  445  575  650  725  815  932 1045 1190 1170 1330 1605 1765 1950 2014
  700   24   57   81  102  136  173  215  297  360  414  485  580  671  800  800  900 1160 1230 1350 1405    0  700   93  187  238  273  317  405  445  590  655  730  825  935 1045 1190 1175 1335 1610 1775 1960 2022
  800   26   64   87  108  125  176  218  297  365  423  490  585  681  810  825  915 1190 1240 1370 1440    0  800   97  193  246  280  324  414  450  600  670  740  840  955 1065 1205 1180 1350 1615 1780 1960 2018
  900   28   68   90  102  132  180  222  302  370  425  495  595  684  820  855  925 1198 1250 1405 1492    0  900  100  202  252  288  328  418  456  602  675  750  850  960 1075 1210 1180 1360 1630 1790 1970 2030
 1000   33   69   92  109  133  188  222  305  375  428  495  597  688  835  860  935 1205 1280 1425 1495    0 1000  102  207  256  288  330  422  460  608  680  755  855  968 1090 1210 1210 1365 1660 1800 1980 2048
 2000   27   71   90  108  132  184  210  305  350  408  460  570  650  830  760  920 1150 1245 1400 1470    0 2000   83  179  220  256  300  372  408  550  610  690  780  900 1025 1150 1120 1295 1620 1775 1950 2009
 3000   19   58   80  100  110  176  182  270  335  375  450  552  640  775  705  875 1090 1195 1360 1432    0 3000   77  172  210  237  275  348  392  525  605  660  735  873 1005 1115 1080 1260 1550 1710 1978 2099
 5000   12   50   70   84  100  164  170  230  305  340  423  520  590  745  680  845 1045 1170 1305 1348    0 5000   75  165  198  226  250  330  376  510  585  635  705  835  940 1090 1060 1230 1525 1620 1830 1937
10000   11   46   63   73   85  138  164  217  290  330  390  495  575  705  675  815 1030  630 1260 1310    010000   74  159  187  218  240  320  356  488  560  615  680  810  917 1065 1000 1195 1460 1620 1780 1826
20000   11   39   62   67   83  135  160  212  270  325  385  490  570  680  660  795 1020 1140 1250 1278    020000   72  155  183  208  229  310  347  470  550  600  650  780  880 1040  985 1170 1440 1570 1735 1787
50000   11   34   61   66   82  135  157  210  270  320  380  485  565  680  650  790 1015 1125 1245 1284    050000   72  154  176  202  225  294  338  450  535  585  630  765  860 1020  975 1150 1410 1530 1710 1786
  100   11   32   60   66   81  135  156  210  270  320  380  482  565  680  650  785 1010 1110 1240 1290    0  100   72  154  174  202  222  292  332  450  530  585  630  763  860 1015  970 1150 1410 1530 1700 1769
  500   11   32   60   66   81  135  156  210  270  320  380  482  565  680  650  785 1010 1110 1240 1290    0  500   72  154  174  202  222  292  332  450  530  585  630  763  860 1015  970 1150 1410 1530 1700 1769
 1000   11   32   60   66   81  135  156  210  270  320  380  482  565  680  650  785 1010 1110 1240 1290    0 1000   72  154  174  202  222  292  332  450  530  585  630  763  860 1015  970 1150 1410 1530 1700 1769
