"
""**.****|****.****|****.****|****.****|****.****|****.****|****.****|****.****|
"" * WNEWTR_082693.CDR.dat *                       galprop package * 3/25/2002 
""**"****!****"****!****"****!****"****!****"****!****"****!****"****!****"****|
"
    400.00                      ;Energy of run ** Last changed 3-10-93
24   ZF  SIGMAzf Nzero DELTAzf
      4   16.40   0.00   9.80   ;( SIGMAzf set to 36.0 when zi=5,zf=4)
      5   59.20   0.40   4.00
      6   92.00   0.00   7.20   ;( Numbers changed to match WNEW.FOR)
      7   90.00   0.40   5.30
      8  114.22   0.00   5.50
      9   71.00   0.70   3.50
     10  101.00   0.80   5.40
     11  116.00   1.00   4.50
     12  119.00   1.15   6.60
     13  132.00   1.25   4.90
     14  165.00   1.50   6.20
     15  136.00   1.65   4.50
     16  232.00   1.75   4.50
     17  140.10   2.10   4.50
     18  207.00   2.40   4.40
     19  116.80   2.60   5.50
     20  160.20   2.80   6.20
     21  154.10   3.10   5.90
     22  168.00   3.40   6.70
     23  137.70   3.60   7.00
     24  154.60   3.80   8.00
     25  141.40   4.00   6.60
     26  226.35   4.00   7.80
     27  199.80   4.00   5.00
19       EM    DEM    M      EN    DEN      N     B     EO     DEO    O   DZ
       250.0  530.0  0.63    1.0    1.0    0.0  -0.08   0.00   0.00  0.00  0
       250.0  530.0  0.46    1.0    1.0    0.0  -0.08   0.00   0.00  0.00  1
       280.0  600.0  0.65    1.0    1.0    0.0  -0.10   0.00   0.00  0.00  2
       450.0  600.0  0.43    1.0    1.0    0.0  -0.09   0.00   0.00  0.00  3
       500.0  550.0  0.48    1.0    1.0    0.0  -0.08   0.00   0.00  0.00  4
       700.0  450.0  0.27  150.0  150.0  -0.20  -0.07   0.00   0.00  0.00  5
       850.0  400.0  0.18  150.0  200.0  -0.42  -0.06   0.00   0.00  0.00  6
      1050.0  450.0  0.13  200.0  300.0  -0.57  -0.04 100.00 100.00 -0.10  7
      1100.0  450.0  0.07  250.0  300.0  -0.76  -0.02 100.00 100.00 -0.14  8
      1200.0  450.0  0.05  250.0  400.0  -0.79  -0.01 100.00 100.00 -0.14  9
      1300.0  450.0  0.05  250.0  400.0  -0.80   0.00 100.00 100.00 -0.12 10
      1300.0  450.0  0.02  300.0  400.0  -0.80  +0.02 100.00 100.00 -0.12 11
      1300.0  450.0  0.00  250.0  400.0  -0.77  +0.04 100.00 100.00 -0.12 12
      1300.0  450.0 -0.02  330.0  400.0  -0.80  +0.07 100.00 100.00 -0.11 13
      1300.0  450.0 -0.05  260.0  400.0  -0.80  +0.10 100.00 100.00 -0.09 14
      1300.0  450.0 -0.08  320.0  400.0  -0.80  +0.13 100.00 100.00 -0.07 15
      1300.0  450.0 -0.12  320.0  400.0  -0.75  +0.16 100.00 100.00 -0.07 16
      1300.0  450.0 -0.16  320.0  400.0  -0.75  +0.19 100.00 100.00 -0.06 17
      1300.0  450.0 -0.20  320.0  400.0  -0.75  +0.22 100.00 100.00 -0.03 18
11     BEEN    BEDEN   BEN   BEB
        0.00    0.00   0.00  0.00  0
      200.00  900.00  -0.12  0.02  1
      200.00  900.00  -0.20  0.06  2
      200.00  900.00  -0.24  0.10  3
      200.00  900.00  -0.28  0.15  4
      200.00  900.00  -0.32  0.18  5
      200.00  900.00  -0.36  0.20  6
      200.00  900.00  -0.40  0.20  7
      200.00  900.00  -0.43  0.20  8
      200.00  900.00  -0.46  0.20  9
      200.00  900.00  -0.49  0.20  10
      200.00  900.00  -0.52  0.20  11
      200.00  900.00  -0.56  0.20  12

